20191111_055657_20191111_060152_295686_727.000000_245515.595543_54.510340_-43.896460_49.030229_5.724928_0.000000,0,49,49,0,240,1.91720691242905,291.336008653552,918.571990978756,6392.19253407323,187655.500513351,28990.6474660344,0.236672712966393,989.022404069711,2.69373213577678e-07,1.00323139026721,0.899638608109147,0.238337797756227,0.0256641518246735,0.867167758140011,21.2816253255721,25.334389894046,0.768256503587136,25.47092981886,31.6621769831218,0.954004752531301,0.420696611467827,0.774636229966527,0.893450980727098,0.545058826879445
20191111_055657_20191111_061303_966476_693.000000_512985.652534_54.244897_-44.901250_47.880952_2.374482_0.000000,0,29,29,0,793,7.68218969909247,291.336091717426,921.044667477163,5545.50766307262,177720.750496351,25136.5800305085,0.291936928279495,1180.53155489564,3.91825726647209e-08,1.39660474559792,0.354274413890646,0.884899358753046,0.258521554304523,0.109369634314071,19.2515149861008,32.1979898135057,31.7321728738291,29.3863543620859,34.3165794000393,0.994079054000886,0.929070158201914,0.831011461881619,0.34890540721214,0.497711932985892
20191111_055657_20191111_062325_1587910_730.000000_76165.874429_54.351471_-45.062088_47.795238_3.461837_0.027803,0,28,28,0,1295,4.18839196680751,291.336046330085,997.036509521679,4331.78072716858,117004.003618317,17696.8973796672,0.383385915682224,1145.29508027278,3.30441445007878e-07,1.20495718184949,0.0272096423894456,0.986301779293425,0.752321700670775,0.938861784174885,0.903935680156477,34.5224269602534,37.5275098712044,26.7246550044927,16.287486374305,0.509719074735472,0.680585820363103,0.516058725929725,0.954316727115019,0.717364405585545
20191111_055657_20191111_064521_2904262_640.000000_67491.487130_54.487775_-43.183595_49.711785_3.461596_0.089845,0,68,68,0,2360,6.11543528398126,291.336086838601,1149.88570003213,3047.04169696501,128766.609514002,12955.2037528393,0.354750486062265,1320.46215370874,4.77086702391011e-07,1.25576986322069,0.743082669905049,0.530364883129322,0.728429491170974,0.922299874192636,31.3965394759017,3.73608285942334,30.8331411617644,39.8123818345797,14.2188968847604,0.554163959214445,0.887105595562292,0.939672476300453,0.781508842180962,0.838509145912333
20191111_055657_20191111_081341_8204080_660.000000_66148.692474_54.588807_-42.834874_50.114030_2.439312_0.101200,0,81,81,0,6763,7.35703570076954,291.336046117305,844.69970476111,4622.67903297187,182912.701084886,15865.0880873734,0.358894881930121,1061.98288606376,2.39335656450634e-07,1.21761032394497,0.122979214213708,0.16603363009374,0.585645277582862,0.102081250404628,30.9352547789666,14.3581453329531,38.560625334969,13.3421432390787,13.7959831845687,0.620688261656877,0.93131957480154,0.620077547829733,0.675240418027359,0.597577749424255
20191111_055657_20191111_084634_10177439_680.000000_535472.779171_54.571964_-42.781389_50.156251_2.909133_0.000000,0,86,86,0,8402,7.81536008361379,291.336067822431,792.867383923699,6905.66882756607,135177.775065361,25548.8387027471,0.114622157126414,1157.4183146428,2.16896310482615e-07,1.21713226625083,0.976650888105691,0.321897570354377,0.149595322589446,0.387884588303135,34.2293271466933,16.3261186448214,34.0888403724618,27.5372390292279,39.200493232721,0.996186713959105,0.709382213883917,0.515978512045255,0.711447677710419,0.755837147412758
20191111_055657_20191111_085753_10856451_689.000000_515399.762141_54.565352_-42.923401_50.013336_3.975515_0.000000,0,78,78,0,8925,6.67862768598121,291.336060170182,763.378831667151,4445.67154452981,166119.413897209,24566.3924849373,0.202417042522468,684.296501893464,2.75942543113143e-07,1.36021780095362,0.851222982418854,0.482699118124023,0.842054716701669,0.795271482766437,11.3087339914531,25.615773851625,34.9998130985893,22.441292241489,39.8887362897491,0.942933420193836,0.944296613039857,0.731023326366151,0.842619250840851,0.994511219840301
20191111_055657_20191111_090105_11048481_672.000000_70305.738362_54.411909_-43.917442_48.947568_2.434369_0.083231,0,46,46,0,9080,6.38269839981722,291.336099940702,867.210819624489,6511.20913499813,99911.6929746222,4545.58662294853,0.374122933679099,887.099319440704,3.78583638963455e-07,1.3256804927789,0.176728662738782,0.768918914820573,0.780005226676288,0.45101000810329,9.52399790239564,23.826033102617,17.8650325189575,20.5394774441554,34.913874579897,0.695309239740904,0.720489072119692,0.5476117246748,0.368169844335971,0.569023326040363
20191111_055657_20191111_090445_11267959_706.000000_595725.955530_54.634321_-42.593764_50.377033_3.163196_0.000000,0,96,96,0,9254,6.06969171515406,291.336057382519,1087.99784822156,5599.74159543612,192150.779533255,24772.42461189,0.29672710165608,608.296263003585,2.59067286325064e-07,1.32140832511945,0.84241703257174,0.097464161550026,0.629349277036673,0.120914537753379,29.0887804134108,39.4378265010973,27.6590495652169,36.0436713481273,35.0631828928416,0.902903454900538,0.873984434461348,0.829678922752447,0.917802006907941,0.722471031365844
20191111_055657_20191111_092004_12187466_781.000000_219664.444248_54.632388_-43.275827_49.710489_12.064710_0.000000,0,67,67,0,10001,2.52322898317438,291.336040037373,836.268474246196,6162.79350774953,170337.549934031,12555.1993815708,0.392252875702407,1274.26559017438,5.51280107144546e-07,1.44957076561918,0.950882598612929,0.991789302450933,0.443051652041553,0.02756258744653,29.2317298285752,28.2818604314902,11.526414218006,26.7185200231631,23.1137425344025,0.996585422588003,0.346847958652522,0.265132954485625,0.875641548400161,0.922376929478543
20191111_055657_20191111_092116_12259201_706.000000_289050.381001_54.633494_-42.839715_50.136222_4.443199_0.000000,0,83,83,0,10069,7.28582157336615,291.336085275968,893.736220398294,4776.24360842676,97073.9666503958,23225.9244550637,0.203660721749,1146.38919447228,5.75160374793373e-08,1.49071568252316,0.751424028907593,0.647372998033957,0.594417029938824,0.433201874598533,27.5299404613517,21.4276721389143,2.62082721627889,17.4631694622446,30.7388363667764,0.921965375526373,0.9493913747554,0.888370288737435,0.546383705422296,0.682707127458327
20191111_055657_20191111_093312_12975563_655.000000_71866.874352_54.334750_-44.241109_48.582767_2.465255_0.062053,0,43,43,0,10606,5.89713704953675,291.336074828551,750.845342330451,4552.81056407875,75627.7603748599,10814.8215397605,0.357397033349947,1121.57129293861,9.19830292794389e-07,1.14354943454461,0.434613916308768,0.671829117492235,0.645367616657075,0.822606226421791,16.7173859429552,29.172278284196,27.3547715203583,16.3800081384972,16.6468643617226,0.915039215889547,0.752813906796313,0.669718440420822,0.66008118850787,0.593669678095539
20191111_055657_20191111_094125_13468072_722.000000_88241.426955_54.031863_-46.468262_46.214519_5.720450_0.003070,0,8,8,0,10907,6.07785701632097,291.336044499064,1125.99214357387,5308.13510074584,132186.476025145,8060.55532761023,0.387543894948288,1235.31093506203,9.94800420863946e-07,1.49094450069863,0.533765563873876,0.598699074027499,0.581750599505745,0.953668650664835,32.8463928910949,17.4042171669484,38.1751767434195,17.890219012951,12.0567854125562,0.886105331559486,0.742774681959461,0.437090312023211,0.431099233920826,0.775410462051936
20191111_055657_20191111_094325_13588041_767.000000_52833.771036_54.019528_-46.976432_45.714890_5.052528_0.532286,0,7,7,0,10982,1.70672748349481,291.336097691579,995.6351023293,5164.01783108795,139541.48240677,5769.14003927827,0.399700946011895,1173.82002619481,1.13934162265997e-07,1.05302717850799,0.997457070454647,0.362237166763365,0.480861526761747,0.0811490940434653,30.1488862258991,33.4301908094027,13.0872260023171,13.4684797986685,34.3335278969558,0.74002965137346,0.412179683272194,0.650343294652753,0.590678769198745,0.562522577843642
20191111_055657_20191111_095421_14244337_632.000000_64281.997682_54.352905_-43.803953_49.021541_2.998333_0.075651,0,48,48,0,11350,1.95651130488288,291.3360551402,1004.68753436787,5019.72802071562,175424.193726984,10959.7420570508,0.354445072703128,1409.74493184003,1.93455985150494e-09,1.39376423539361,0.543939862096435,0.971719636449555,0.102641688899998,0.0487867519053535,21.4676693401757,19.4846211944939,13.7191718312451,4.74314775144212,5.66480792984261,0.915675124062858,0.776962001000017,0.782642723963385,0.84888348198147,0.722047471616879
20191111_055657_20191111_101042_15225619_681.000000_87261.484024_54.355732_-44.369534_48.470947_4.373661_0.002380,0,40,40,0,11955,6.11559530339487,291.336071942151,1102.79773907019,6510.69756025255,192213.340456086,26001.7483552509,0.364547459376666,1176.81274858722,2.15779634985898e-07,1.18675683895265,0.470813459711272,0.253162239656921,0.790225366212953,0.375745196411473,24.9959278811817,34.0917156959548,2.63055375962138,12.3207105631392,5.98130830504326,0.818261937538673,0.951631146064235,0.6925402368342,0.293690887971656,0.420108600113815
20191111_055657_20191111_105130_17673683_720.000000_168220.549621_54.294345_-45.110202_47.710486_5.033782_0.000002,0,26,26,0,13362,6.26280890114116,291.336055464783,1049.84300832534,6611.83441418782,137887.152901523,25479.2951927309,0.287141134250982,621.839995776704,9.93279187546031e-07,1.41924650706683,0.459951316761844,0.948318481734894,0.0788415279184113,0.734143896390571,31.2846323508875,23.4463976504331,18.9829572955584,26.7200216738913,11.528073939069,0.9052946511514,0.780327334755626,0.364101535744936,0.586929946657381,0.284702374056329
20191111_055657_20191111_111958_19380773_698.000000_74770.015613_54.482067_-43.759639_49.145600_4.123018_0.022053,0,55,55,0,14461,2.49009524652663,291.336028712714,1072.85509960012,5210.45095727617,105538.585490247,6117.18572017902,0.383853928813763,796.183360778678,3.35369879972186e-07,1.00729112035597,0.813955601818085,0.118036372655952,0.725856754520272,0.151366691315236,21.1897293968172,20.1309804173133,18.0129050394557,10.9663251120205,6.97698480679704,0.600209722465745,0.671425361394849,0.851835006779101,0.989835945322894,0.423443190011922
20191111_055657_20191111_114012_20594919_663.000000_72200.833745_54.143186_-45.266633_47.457824_3.547262_0.039390,0,19,19,0,15286,6.34004708889719,291.336092487436,1116.93680536575,6333.87904093822,75734.5255712096,2229.62531189989,0.387062354619377,808.507396384859,1.99838481124739e-07,1.14776959034138,0.64376868014592,0.354631154367779,0.932216630286211,0.091534999430183,14.7754227149353,29.0830490016267,13.3292889335012,15.4676557089354,10.7477091497398,0.951420535772347,0.524720112851764,0.664831449733033,0.821043039635958,0.325818098994329
20191111_055657_20191111_114242_20745613_704.000000_581967.316926_54.582673_-42.923183_50.024003_2.620961_0.000000,0,79,79,0,15391,3.18769928966371,291.336023653178,948.698047375261,5528.97439626545,183247.729065823,28056.0754732134,0.27244934679672,886.902682923596,1.30273816866936e-07,1.41896548028642,0.00291131165787464,0.6969152668761,0.23004188503908,0.16456723527484,25.6241743440559,32.1158393306386,29.7795924055743,30.7984627589597,31.5012218356987,0.992263159500765,0.991189666152091,0.989704026030485,0.251454876474433,0.480536941534618
20191111_055657_20191111_121353_22615808_722.000000_85748.155542_54.433740_-44.182930_48.702708_5.469731_0.011514,0,44,44,0,16433,5.95635107107056,291.336003473664,772.285019525658,3954.38596071613,175099.316109574,2018.40754612538,0.386202878466795,923.373502841481,5.46344777317066e-07,1.46978678708055,0.0163934684007237,0.164688285995052,0.845218655199757,0.551385569797858,31.1747145879038,37.93181599482,33.8541333459637,13.6139150831386,25.9510077696261,0.472869732158045,0.856129324321077,0.60140561081407,0.773604664219322,0.424693443491579
20191111_055657_20191111_121759_22862689_703.000000_145821.724288_54.625200_-42.785865_50.183811_3.603544_0.000009,0,89,89,0,16551,7.12721218579661,291.336023440502,958.424954116065,6950.11487412188,150676.098851888,20515.6452990456,0.308412294354172,1465.95020535221,8.06025261021942e-07,1.34844302433082,0.927338973971869,0.241921176074968,0.834469587766982,0.35401943890138,29.5133969471831,14.5231331199722,34.4115143358894,20.7666529107563,3.17585200963745,0.906064350152054,0.613689330036046,0.208366000222228,0.473590707971288,0.233149711529371
20191111_055657_20191111_122031_23014122_707.000000_89954.113076_54.401058_-44.383206_48.486845_4.208631_0.002660,0,41,41,0,16624,7.07385973810005,291.336086877812,1120.98246366469,5363.24793176181,191027.218006574,26086.0603183051,0.376843099485834,1242.23695730509,6.65372312328351e-07,1.44320038739447,0.728510217152146,0.51918498897907,0.117529467801377,0.475033065933097,23.5700434326447,39.0367726722154,0.827156055214804,2.01529897310954,14.4165492215316,0.815546142219177,0.754358802603472,0.583401529938925,0.615376158152091,0.207297311939639
20191111_055657_20191111_130833_25895787_735.000000_49573.954723_54.398483_-44.998908_47.887803_3.092934_0.505090,0,30,30,0,18015,3.83193034049245,291.336038345979,814.912787219514,6630.9301147755,116322.377652837,22432.2193586329,0.366001748575596,1221.41924529378,1.26407579242587e-07,1.41152126865007,0.732554503882602,0.960537729726391,0.623011910948967,0.864170780148932,20.8373633383469,17.5482108694583,2.38292966947055,11.3038840559595,39.7610910215776,0.740669517195841,0.673864478184955,0.667094519604666,0.815903151172429,0.682888329108274
20191111_055657_20191111_131048_26031584_777.000000_73356.712727_54.786145_-42.853704_50.215401_3.525144_0.066323,0,91,91,0,18068,5.3800024507446,291.336069468029,821.064051277043,3718.08076728041,149197.609457672,6441.44699787106,0.390135579434837,789.428467121243,7.79481947661121e-07,1.21196594843656,0.90836486407411,0.753887686529642,0.41508218499331,0.11851369678607,15.8721868544547,21.8198041033481,29.0907649328522,14.8453682896582,24.9228488459902,0.821982084401065,0.380910191304248,0.677755267193212,0.219318461981735,0.597634338616782
20191111_055657_20191111_133411_27434008_809.000000_212505.054794_54.308851_-45.828967_47.025195_8.491320_0.000000,0,14,14,0,18713,2.39792738601503,291.336016933663,1070.85135844869,6699.59906982252,149134.160006252,29360.8612368929,0.336745269248615,1242.57000788178,6.26861492523566e-07,1.36828389972171,0.381234484357113,0.316483957042719,0.382663864838275,0.616667206893118,24.0240967877598,36.6778706377673,18.5075757408598,11.8415117766564,11.9815567247802,0.77421384245214,0.752806501109752,0.273649031982394,0.469835721523892,0.713373608620674
20191111_055657_20191111_134639_28181877_833.000000_155608.829800_54.831248_-42.818182_50.277496_6.346636_0.000003,0,94,94,0,19035,6.39577499714648,291.3360993731,1026.20518206101,6732.22666694102,174092.650507137,26272.4458501296,0.339400265217408,972.48352433727,4.68183560628519e-07,1.25514952990432,0.805077608835657,0.551480338209194,0.268550971979202,0.831574983390054,17.9862981516084,33.7258874032033,17.9905703215482,3.57486285539214,5.77856489303793,0.896776999586807,0.28931876550133,0.347156607605897,0.846572772393418,0.912031142093736
20191111_055657_20191111_144745_31848564_703.000000_180068.402029_54.579220_-43.198617_49.752955_4.841815_0.000000,0,70,70,0,20743,7.78594009305583,291.336013531803,1146.72662621125,5504.27333895197,126447.308216114,28819.5198107694,0.387464430283876,1443.74243093424,1.22751640076299e-07,1.45734204092009,0.609072056238196,0.937793288701687,0.0790252201725023,0.66336051818787,23.4908099014835,25.8273182865018,18.8612913399345,31.0614408803115,2.39380767571297,0.963260094094387,0.998204043259237,0.318822389749938,0.353727032451246,0.529761559781242
20191111_055657_20191111_145813_32475932_720.000000_627973.008230_54.615646_-42.837056_50.128053_3.742173_0.000000,0,82,82,0,21025,4.72191985440164,291.336002246851,805.438134179334,4705.58409365212,77458.0672314282,28264.6876151532,0.326615445307009,1288.96090598031,8.50214177782269e-08,1.47684411193782,0.166591635835484,0.269979464972895,0.934938251928604,0.860010294782473,27.8864684559049,5.78856100326752,35.713237465012,36.2166925520124,33.9115372672445,0.931370994051436,0.95464186543943,0.975896083192846,0.826059202591397,0.949454767417746
20191111_055657_20191111_152429_34052342_698.000000_82543.594846_54.306176_-44.803190_48.016593_3.995788_0.014444,0,31,31,0,21773,5.25399025804501,291.336095285361,954.442867841749,3370.23991803474,144391.843535524,8041.27333095815,0.368344521824855,736.23920255013,6.51893799679509e-08,1.30280425058986,0.090993777623992,0.0124826143816357,0.969277047934463,0.410805449955669,0.744180911359689,16.2276137793851,37.50752515658,13.2187496215007,19.4032116994675,0.507014045744498,0.628785738750919,0.815297433153566,0.631117508801747,0.597404030822494
20191111_055657_20191111_154409_35231987_660.000000_69129.615140_54.017940_-46.040953_46.619484_3.522574_0.061002,0,10,10,0,22354,3.45680340463531,291.336082126624,819.113559687451,5943.32092892428,191621.493715403,16850.6031499267,0.35676321181925,1301.23326818293,7.42155266996709e-07,1.17585277456867,0.932749343608089,0.0532402070269569,0.873946685358692,0.335420252989427,23.9501249171985,22.4580006297196,15.8739592363962,12.4444248076428,2.70954072317135,0.992217432146198,0.470997558192914,0.801708284386708,0.904828295075205,0.862090932682253
20191111_055657_20191111_155311_35774227_666.000000_79794.306815_54.390550_-44.042746_48.811803_5.379145_0.014963,0,45,45,0,22633,5.12989810577843,291.336087386,889.100693280423,6921.95737894313,87648.1266792728,14808.5376026635,0.366983503694195,500.131660249726,2.24160860464658e-07,1.31989092913727,0.902951475628817,0.617180883080339,0.0545314956731007,0.531247498643376,34.9988806438178,0.12377866197943,25.4367869615212,17.7909008698784,17.4559130885206,0.710516344187083,0.918981576403771,0.867149855916255,0.314793958960048,0.379620911053707
20191111_055657_20191111_163218_38120743_767.000000_73680.188220_54.498678_-44.627018_48.314091_3.614680_0.045676,0,38,38,0,23838,2.4200842868846,291.336035241027,1081.1890258551,5782.48239735354,159274.965236266,13462.9426568833,0.393145030392151,1027.87987237525,1.95259613636716e-07,1.44383441322016,0.970462827079176,0.897596059114652,0.588857183033758,0.914424120961743,28.4761379937211,2.51169915927436,15.9614878612035,20.9196244210092,21.5649455160923,0.620376524180956,0.793707314031106,0.671676085603881,0.377335118215084,0.363185656996867
20191111_055657_20191111_164940_39162866_746.000000_333196.261931_54.726549_-42.797235_50.233962_3.767096_0.000000,0,92,92,0,24440,6.58031898482857,291.336088091601,1073.57622542818,5927.17521527556,80431.5287705446,29602.2525751312,0.348406856377472,678.465696669492,3.91642483880631e-08,1.18398362750755,0.216319496970707,0.401798904907101,0.333245447487738,0.691955924920758,25.7059137466384,32.6487199133229,20.5841749351753,35.7719151453361,17.4592132037044,0.73677946314725,0.895250951699286,0.576390742422433,0.912411852424518,0.452536220930055
20191111_055657_20191111_174052_42235238_711.000000_574653.334020_54.511615_-43.485822_49.431065_2.778618_0.000000,0,62,62,0,26239,7.00939564054957,291.336085662339,1037.69609211938,5513.18718000538,156949.09352915,28229.488645041,0.135591403959207,702.899278227142,2.21990644118926e-07,1.07468919602813,0.540488698692984,0.399123266089322,0.760717278095958,0.792032553705916,31.5480438851504,36.6758995197437,30.8365255994283,20.3667136342467,38.434217819769,0.915559577337733,0.996174582791419,0.667088802545308,0.948703569958361,0.702958665947361
20191111_055657_20191111_190111_47054429_698.000000_139233.141584_54.484376_-43.810099_49.097882_4.674775_0.000004,0,52,52,0,28940,2.17378800476091,291.336071611451,900.039014141109,6773.03034041405,153258.631040396,29350.7006398,0.377925591275825,1256.33768285309,9.62569889579899e-07,1.39387610681983,0.324200024695533,0.36248261066738,0.261120061271849,0.376171898379828,33.7590105656403,17.5412432608356,18.9806421566588,12.5987275752263,1.95158009244044,0.866558594146648,0.939174120669882,0.39618969666468,0.352561149705532,0.80096663386712
20191111_055657_20191111_190518_47301546_687.000000_457527.128278_54.566902_-43.060594_49.880173_2.432182_0.000000,0,74,74,0,29047,3.36565276829398,291.336026695551,778.811313313382,5966.75938228302,139144.36702081,29750.6721768306,0.188736589681026,1406.99953810649,7.20205801365556e-07,1.12402895560487,0.750525429762294,0.22334969516931,0.821790238717986,0.163749913243461,16.2359459404465,39.6712285739495,18.16925480036,35.4311285245832,19.971653615031,0.874237710740516,0.865006936038967,0.837641568521744,0.687718336746046,0.518193451368631
20191111_055657_20191111_200245_50748340_877.000000_238521.425464_54.491137_-45.425624_47.539190_15.397099_0.000000,0,22,22,0,30518,7.10251724081298,291.336041154827,851.282841306497,4847.7317120067,123332.15636373,28118.591143446,0.385781292016292,1311.64863733931,9.41135700150306e-07,1.33927272442348,0.830500022943432,0.5983089558185,0.085153520766751,0.814107810915234,14.342866224978,28.5995167225452,26.7623456640822,34.4404107017773,5.78641085815213,0.894127465412028,0.602413796591744,0.834041811530384,0.250382100694995,0.234697019850769
20191111_055657_20191111_201437_51460065_700.000000_268735.890855_54.593649_-43.133574_49.825243_4.326883_0.000000,0,73,73,0,30851,7.59528198665331,291.336061720959,1138.29144959312,5646.09448105421,102611.412587755,29029.8933257468,0.292118635016086,1229.89219060546,8.84334917522655e-07,1.17342818938873,0.209320127409739,0.103470271051167,0.230521341255465,0.81939387912719,30.7146312372131,5.36599023578609,37.908652217319,15.2991992709411,28.3209505223935,0.966562336926478,0.946371076476759,0.879936394799916,0.782988334493888,0.438408640433966
20191111_055657_20191111_214712_57014751_671.000000_80612.204028_54.473440_-43.413238_49.478378_4.344172_0.012768,0,64,64,0,33699,1.81846610846456,291.336013085158,1123.25401748017,5551.24842109181,183553.415285014,417.207584916965,0.377650048594401,1328.15471502223,7.79564148702557e-07,1.10773148818935,0.379553486953134,0.277548289998779,0.439465112458481,0.780526386185785,18.5842192297061,21.6764584271297,30.4379253428075,17.4585607790884,13.3684855743105,0.847317424058267,0.744388381065244,0.365204906268521,0.744428243643345,0.944755887040407
20191111_055657_20191111_214855_57117800_649.000000_64925.495143_54.156728_-45.221790_47.510511_3.996686_0.129234,0,21,21,0,33775,2.10481412435981,291.336064159142,869.87272532673,6587.46827659272,181131.788610669,15282.6060067433,0.391268291628134,1150.49800214098,9.06928033935578e-07,1.34242215753775,0.73675082316342,0.878159474826074,0.753099030986221,0.28401340820109,24.0766666566959,17.2952831509818,13.5854386206104,15.4682117174952,15.0042925403901,0.814972425246842,0.867515171091115,0.549350149267276,0.989552058881709,0.433486441639787
20191111_055657_20191111_221554_58737427_679.000000_438668.515931_54.449069_-43.720070_49.163526_3.768533_0.000000,0,56,56,0,35000,2.97638205552849,291.336081023971,1056.84845574307,3007.83399985509,117772.838851562,29171.4274716837,0.27668786751262,750.661219260114,5.56210669288982e-07,1.15825037190281,0.712198378907325,0.729083233829023,0.210627801721161,0.786488721326409,25.5870825927665,21.3616348971174,22.6096443838401,19.725436675156,29.7743694057485,0.834424169937082,0.831062821741093,0.860258083250955,0.952232044885687,0.95919228297501
20191111_055657_20191111_222334_59197402_714.000000_86714.576255_53.743562_-47.827990_44.692377_5.229376_0.004996,0,4,4,0,35365,2.6280618719219,291.336086854548,788.559642861916,5145.34305894906,198133.27242546,8755.39100926821,0.39676369709548,1083.15635751751,5.26105632784551e-07,1.25146175143422,0.440990370826963,0.372493026441434,0.819472721699576,0.8838344861311,26.6006936718039,30.89505428504,1.35132064526124,26.2684248239199,12.5190570922566,0.871487300248843,0.914229987997167,0.908848926313819,0.347028264160655,0.561719203863182
20191111_055657_20191111_232616_62959571_682.000000_96776.719161_54.647593_-42.534461_50.442917_4.791286_0.000862,0,99,99,0,37977,7.98722653216141,291.336043746483,877.719013183054,5338.66362860886,88146.6575870228,14662.3880910842,0.349906576833284,1279.80634125216,9.60999102698568e-07,1.38096098615131,0.275300743810286,0.814481121488961,0.476823358341684,0.8678462309434,32.8703007129046,30.1655959318101,7.3977883328282,38.0593697661604,15.454552801029,0.680177597617025,0.927292926873257,0.569334597787921,0.539060510125276,0.364670858227039
20191111_055657_20191112_001338_65801648_728.000000_82094.314767_54.648379_-42.832001_50.152739_5.533583_0.020261,0,85,85,0,39613,3.79582842302446,291.33609731197,1034.9335928506,3852.88204420705,79373.3837100344,649.331843599315,0.390243882561723,1219.10844346462,8.44319883030843e-07,1.1695802206188,0.123055330851645,0.31445936378377,0.0316923148466745,0.230360289134064,18.1579257159331,9.88292099939752,39.8424079651654,36.9795980810436,27.7881808540401,0.881509189603136,0.876225694251738,0.496566069677428,0.624104293562767,0.281769753583927
20191111_055657_20191112_002757_66659758_675.000000_401042.854259_54.531516_-43.202043_49.720405_3.685462_0.000000,0,69,69,0,40154,3.49527254592336,291.336051961388,1107.95026124453,6115.68707353862,183773.522719867,29658.9429120949,0.380335537880036,690.636908448694,7.6817801237059e-07,1.45928167768747,0.65997385683663,0.384155521527648,0.0295500525716345,0.0242507257361342,20.432970990043,35.7650196341103,28.8189746191474,29.7605370636516,27.9507782509672,0.875332531081066,0.808855551454887,0.711277967659479,0.725999437988247,0.964642598502375
20191111_055657_20191112_010729_69031897_655.000000_73451.417838_54.402006_-43.717020_49.137159_4.703297_0.018676,0,54,54,0,41839,3.36657327340746,291.33600606258,978.778068613266,3312.63817043651,187099.552260908,14943.7172791081,0.372411809725805,1206.03731845642,5.44208786401909e-07,1.09846992862302,0.228213606139828,0.140490308116285,0.0125318391044019,0.533545317268425,36.220650430859,35.3490518827299,35.6765659456291,7.82578625384377,3.75535170426748,0.971276297440648,0.616372961454291,0.66641183516657,0.98682132171393,0.969856486705945
20191111_055657_20191112_011102_69245695_661.000000_380914.404066_54.412077_-43.782114_49.079817_3.157625_0.000000,0,51,51,0,41999,2.14278047759713,291.336005309366,1016.512783501,6843.21472765305,101777.273344908,29241.8440613319,0.287207103890301,720.706855292904,8.25268315239767e-07,1.20835642386251,0.574076051914081,0.99710504243505,0.520204913007226,0.971900608907297,19.2833600536298,22.2620246700089,36.3816987732392,30.6412495693219,9.87673758772419,0.975211428724797,0.890635428096912,0.763705761305628,0.933933186206885,0.355131468287629
20191111_055657_20191112_020329_72391751_683.000000_74359.719789_54.276702_-44.713238_48.084906_5.510640_0.015616,0,32,32,0,44401,4.93473006392795,291.336054408217,773.685716673746,3943.18758883459,162667.686026521,5142.22938656571,0.387146554733585,1019.66709770089,9.02824591462169e-07,1.23697901520647,0.136301713884679,0.814736355685273,0.773128520107327,0.89468088565694,10.0379163729647,24.7952527577458,33.3555709642134,11.0837797645966,1.76305997710982,0.643691982795084,0.602036979194605,0.781454925973122,0.935569430678541,0.970229891951045
20191111_055657_20191112_021332_72995058_672.000000_501627.596412_54.394633_-43.781994_49.069038_3.006385_0.000000,0,50,50,0,44898,7.15124089432734,291.336030624281,1149.22081378175,6806.33276234527,192741.624029499,21340.6448252382,0.322452654563073,1165.22273757906,1.05453201060513e-07,1.0773203906628,0.871383186979654,0.491468099242086,0.647488670719389,0.555215812456215,22.233226622403,32.068082790346,35.7081276515262,32.0001304026195,31.5587306995191,0.972853406516726,0.911175195352497,0.763389898825902,0.763350475710057,0.506906875933533
20191111_055657_20191112_022618_73760870_732.000000_87303.447866_54.490497_-43.902384_49.011887_7.399039_0.004761,0,47,47,0,45490,4.42425784400337,291.336009412316,1143.04935269598,4504.51056349882,179484.886319077,922.027797445043,0.388548685264901,1413.22263630043,4.32972205349053e-07,1.28651207731393,0.579008205302465,0.375769863410438,0.682731939563411,0.922284372468713,36.8880556516916,34.1273605758728,18.9337385187337,1.78992171157145,24.6577662335738,0.584680215986638,0.860045516290859,0.406929752767101,0.928540847346264,0.514962586681182
20191111_055657_20191112_023913_74536013_834.000000_210740.260872_54.336075_-45.587444_47.276866_11.921641_0.000000,0,17,17,0,46114,6.04240765626502,291.336020596391,972.626100257621,6903.10455397774,85342.4408805238,18830.3464605033,0.347237299964226,1131.91775690487,5.74884065542641e-09,1.2939005420726,0.395857532451119,0.636829646144419,0.206699611534416,0.287705665463509,32.9392548661564,31.9908505133307,18.8083568012323,6.166199323917,10.2055665802099,0.988687025857786,0.410130511630598,0.223749802826643,0.423848178261083,0.981411099375911
20191111_055657_20191112_024009_74592073_698.000000_69922.424313_54.249360_-45.098007_47.692426_3.061522_0.109723,0,25,25,0,46154,5.53927196729498,291.336075784338,988.700209021688,5390.27963572343,180807.949367449,5667.66299658988,0.395599865223836,702.047623308157,5.78564027318081e-07,1.31939091351457,0.0292352943355809,0.285462617723139,0.0513964537971682,0.30772044734769,20.6634809111782,20.3425853285559,31.5032914397404,13.3543700500934,31.175165290497,0.633184357045786,0.813644882475072,0.432412938085639,0.761074564000987,0.363905720651148
20191111_055657_20191112_025034_75217296_880.000000_155966.537657_54.893891_-42.967156_50.171990_25.150338_0.000002,0,88,88,0,46632,3.05153308903899,291.336022415631,1125.98081269197,4770.69902925488,127343.445431098,17883.1779110946,0.398166333294477,1344.82890256898,5.40941827203644e-08,1.39461658643346,0.843035559193058,0.669271180378391,0.564399654851043,0.233080575228425,28.6994597241309,25.1300487949562,34.3466247583345,22.6124968263571,4.75907697525691,0.660650046021957,0.37833847239663,0.777739961739065,0.308196885938094,0.320971673127016
20191111_055657_20191112_031117_76460210_695.000000_128018.980953_54.495083_-43.719156_49.193224_5.198386_0.000014,0,58,58,0,47610,5.33562252134384,291.336025686799,1110.38038381558,6551.54507825691,157117.242375336,29727.1194055903,0.388988377230072,1257.32987946417,2.33100820932007e-07,1.27141541570656,0.540368634808636,0.787698481400192,0.411912342708898,0.216106909195378,39.6517747271259,11.2869064439616,15.6596412877533,33.5237571263632,3.42089149374234,0.85525092003131,0.876755594853832,0.520323599996151,0.566465729815697,0.218251157208632
20191111_055657_20191112_032207_77109992_716.000000_57480.959716_54.536211_-43.843455_49.098173_3.221744_0.183867,0,53,53,0,48095,2.04238278652586,291.336082235345,947.685374288654,5960.66247887208,178163.692961092,21125.4530413856,0.385910336588785,1279.13139232259,8.65589806616954e-07,1.33414482387134,0.322355609061174,0.443518888008807,0.205502367174631,0.120668482234767,20.5836669553774,3.6443304132702,10.8547221297786,1.18635685711745,15.3387968844528,0.776871208127937,0.724327771114891,0.938443006616874,0.885688894291824,0.779255471807117
20191111_055657_20191112_033209_77711927_859.000000_338013.006509_54.345901_-45.756699_47.120485_15.608235_0.000000,0,16,16,0,48565,5.64631678204137,291.336052384733,938.96171665437,6621.23393447999,180773.087465245,27409.7028177422,0.346238482620755,952.474482936394,6.52278402752268e-07,1.39917654191048,0.575667838040773,0.863858760816875,0.638416260543558,0.278814885985923,33.0788193736753,35.7307392432094,8.56926406521394,26.7100847896826,6.48342133176574,0.907445519966037,0.548947791587174,0.267947092306203,0.792017438413617,0.468869847813234
20191111_055657_20191112_041808_80471263_734.000000_611764.903517_54.076017_-46.193733_46.511221_3.888170_0.000000,0,9,9,0,50783,6.15066061750048,291.336051699754,990.795684485802,3094.53286126981,128633.742652108,29988.0246320073,0.291896747070544,1484.92499506363,5.09055317663588e-07,1.42408508562168,0.991359646813055,0.0961657882555023,0.448106724147602,0.196288238408441,25.6961878491849,33.3709180454749,9.89735529232259,36.1155595991992,34.7882313565338,0.964038812079837,0.956984332547925,0.81528584249996,0.750668214193116,0.992329947601519
20191111_055657_20191112_045509_82692050_809.000000_142356.795340_54.245765_-45.991140_46.825027_11.063619_0.000004,0,12,12,0,52629,2.43132425934084,291.336099622315,1031.46008215583,6073.99554807755,87600.8503031554,8880.14291558676,0.399178350527085,941.302910244777,9.9515011931896e-07,1.40629646870703,0.0581195715562696,0.0972709050220598,0.492825577297527,0.306290503677971,28.2845079640565,35.8875736369403,37.5103355625443,16.6169257934416,39.8444063552461,0.985681256055873,0.9862973994119,0.497250709402994,0.308840053946693,0.457114527803894
20191111_055657_20191112_054316_85579536_816.000000_278768.936877_54.768825_-42.915226_50.145057_9.808618_0.000000,0,84,84,0,54950,6.08313719220592,291.336090284892,1055.22138719372,6553.09714421873,132656.21875077,29193.2945993135,0.273555816803794,694.336063492157,2.82470410594228e-07,1.42261339541193,0.65156915887238,0.224314984649132,0.148627586259147,0.441707199691548,35.4061056796265,25.4463052586415,37.5768843669505,14.8233483472234,36.3592672932737,0.938398843012118,0.295648678507425,0.937981253805231,0.858726842933559,0.581934125018615
20191111_055657_20191112_064413_89236004_704.000000_71921.114633_54.572232_-43.283173_49.666191_4.528664_0.026797,0,66,66,0,57948,4.46392206694629,291.336060038934,895.028114618002,4594.93063076373,125056.989325535,8026.57404549752,0.394638873019396,1098.20543128799,6.30822475279426e-07,1.01662102636029,0.923966482804265,0.663006297700915,0.0296423844362909,0.584537894676686,15.3780802272035,32.7729089686419,24.9704050472915,39.0471088738842,11.238422250009,0.742549264062952,0.550565792775077,0.361225878433327,0.845761771012085,0.456240393296115
20191111_055657_20191112_070058_90240749_874.000000_275647.364323_54.047760_-47.505967_45.226819_14.686758_0.000000,0,6,6,0,58808,4.08596363358744,291.336086536022,1029.16059551109,6590.54601397603,100196.594449717,21794.6665385422,0.39075259755232,896.840821421656,6.44149100233172e-08,1.43794367762345,0.466894952073875,0.40097596077166,0.533727608847994,0.345887899850647,36.0348918514824,30.568896722568,18.6653039259282,37.7539460137241,12.0721665501467,0.959773571910621,0.506024758715319,0.258530086665376,0.770339711163461,0.547766282333966
20191111_055657_20191112_074437_92860664_625.000000_71430.630843_54.201391_-44.490881_48.253503_3.012551_0.039990,0,34,34,0,60971,4.87020649335325,291.336035543297,984.63165022439,4887.20358707131,178142.552699575,3988.82970584752,0.358461130216579,766.311368037443,6.11877718975183e-07,1.14922158591758,0.37503205832108,0.669581719233525,0.229674654675211,0.575960853863254,19.0099674412246,11.5319230563544,26.4807614100631,3.08124986941799,12.3338224310751,0.973842258726137,0.996139928181072,0.999141081223823,0.47490985804889,0.709490258456708
20191111_055657_20191112_082421_95244246_720.000000_59281.134388_54.423573_-44.380038_48.504478_3.020366_0.127325,0,42,42,0,62936,4.9896472591005,291.336050951774,1050.67584901632,5823.98196642443,99484.5144964763,5795.19184780842,0.393661854859581,1277.98497735296,8.97298763589392e-07,1.07085499066677,0.936695586348155,0.605428419086558,0.286325078155123,0.24351948101897,13.1966247066395,15.2450097421601,0.609686505039584,10.2311149506207,19.990496993505,0.874555308551503,0.536250987348444,0.664350657840116,0.760673433090914,0.386954773023405
20191111_055657_20191112_085530_97113145_712.000000_123662.248649_54.486998_-43.720165_49.187171_6.375217_0.000021,0,57,57,0,64486,4.69901590956843,291.336006749518,931.039726387592,4116.41541970267,171308.738732149,8708.39503920008,0.363195260057353,1346.31377365076,1.22296774625814e-07,1.44529832631177,0.70577551691427,0.138369823433079,0.101542313954477,0.359395942063088,18.7650134195334,34.9722793151983,6.63169398859857,29.8997675236379,19.6539130827174,0.791993209786011,0.884091282604685,0.508359646107084,0.942695248617312,0.280619405629772
20191111_055657_20191112_090828_97890977_663.000000_450948.950600_54.534510_-42.958390_49.960509_2.435319_0.000000,0,75,75,0,65142,5.68837805106982,291.336063305265,766.750249289329,6420.58675351689,74189.9899191881,27792.0567272437,0.193209192986897,1014.34775589277,4.59067845442641e-07,1.43196281505647,0.500292010185164,0.358846133445761,0.653667027677368,0.0676258982176852,31.5985416691562,26.5767949315318,27.4993658822524,23.2731347586636,3.57470094501699,0.965617374972849,0.87712174693469,0.881064718949587,0.592012124457575,0.606599883878674
20191111_055657_20191112_092040_98622909_869.000000_151515.697161_54.408735_-46.036638_46.895517_8.560795_0.000002,0,13,13,0,65720,7.45195273585489,291.336057885164,855.877426519039,5763.75130806298,183775.04591332,27117.8189406271,0.36398490140859,1008.94581043456,5.53498223041778e-07,1.31601555760394,0.803451978232622,0.255189601602071,0.526477525286318,0.784583624111577,21.1206912318256,35.8899147321605,26.7712533027475,14.5908092787645,16.2150519644638,0.8567916602761,0.291719000501894,0.879372317867084,0.227446993814018,0.346841525376772
20191111_055657_20191112_093008_99191243_854.000000_354102.732226_53.863962_-48.301805_44.327204_11.533685_0.000000,0,2,2,0,66118,7.98759686523933,291.336047719387,880.011099177098,4294.90409749222,152478.924947113,28747.3285206688,0.358367553553569,801.755898937922,2.54408351169665e-07,1.44640582548716,0.617272774153818,0.733597287148394,0.961611314691705,0.69030245942846,3.21706244213428,34.8104965085449,31.3787673589038,32.648933532657,17.2687314891092,0.9092579623427,0.995121764725234,0.696791815015101,0.947316498592303,0.224184865974626
20191111_055657_20191112_093709_99611830_700.000000_369967.993204_54.654648_-42.803436_50.184398_3.478967_0.000000,0,90,90,0,66355,7.09723921810133,291.336046836784,838.758379476208,6566.62823476509,137657.786012983,28573.9014500054,0.329627387769499,811.967079438982,6.3771109161548e-07,1.28788805948687,0.565184659381002,0.41666893162695,0.106634224042749,0.95941766915151,22.412490155953,21.7966241107258,27.3755927540969,12.7344224695611,37.4883497092188,0.827967607742859,0.968614021629843,0.92604849818946,0.923922177998493,0.865502988584095
20191111_055657_20191112_101525_101908135_674.000000_451548.857621_54.612862_-42.562334_50.395037_2.631446_0.000000,0,98,98,0,67605,7.26589533023561,291.336076932969,1141.77325653057,6998.77202157879,183305.427787436,24171.5598044817,0.348217109947774,554.530593965384,2.12016306566753e-07,1.00235320200834,0.10794078207642,0.848032398434443,0.942046299307644,0.730584091107887,19.4291511822041,22.8230246007423,39.8318141893563,26.4482108756906,7.63379888081111,0.930353928369065,0.790549709578255,0.947602999300658,0.642695484853486,0.686440014551702
20191111_055657_20191112_114526_107308846_736.000000_81967.783425_54.587606_-43.441603_49.521360_5.152376_0.023353,0,65,65,0,70102,4.59543950102243,291.336024401448,1130.34779145445,3052.2657587369,104784.043856684,6016.82007191599,0.397306556053348,953.773308983114,4.92480449004707e-08,1.35225342642314,0.861954646407477,0.866884178705811,0.342178017524648,0.381714843358397,37.7999196695092,37.5563048433467,6.13637271899914,14.7639281727517,29.3329645224569,0.672885988373822,0.739054922057164,0.637436222100195,0.421490045493152,0.500054807936042
20191111_055657_20191112_122810_109873168_677.000000_69205.297133_54.577633_-42.938241_50.006240_4.278598_0.051423,0,77,77,0,71736,7.94901638579631,291.336096244308,936.802660409509,6430.91368091004,146162.898697981,4221.27620708666,0.374993864357953,1411.53492832015,1.48141279341644e-07,1.28397595087597,0.926570349654289,0.344834715558149,0.733084504765232,0.792319866415457,14.9134853312097,36.2079778678698,3.27859026477382,22.3142575210309,2.69077749210656,0.743312362569569,0.521774830462626,0.273239843354509,0.94450113572518,0.281138526773058
20191111_055657_20191112_131747_112849858_739.000000_67197.387694_54.430911_-44.588932_48.306438_4.476531_0.041461,0,37,37,0,73792,3.74551383503613,291.336040888354,1061.61684794521,5141.15706004509,98725.9531298637,11216.6054851914,0.39917508644312,1079.8622697141,8.27345775587311e-08,1.09461794722088,0.96135265841019,0.0109887289238521,0.535884167041017,0.388206227699222,20.7667401609998,14.314579087556,18.27142543218,2.34389406518007,8.44965794627584,0.773981585593291,0.553403458585302,0.553529620371038,0.765950553251196,0.465729382339565
20191111_055657_20191112_133601_113944483_741.000000_71033.406814_54.322641_-45.350001_47.497123_4.894285_0.024292,0,20,20,0,74384,2.30585738111835,291.336098035005,814.166762640206,3307.31934427584,142605.268772864,22546.4096056565,0.388850647488549,956.912176585825,6.24882651048567e-07,1.22102600184546,0.636839660070537,0.175655363524818,0.589385081787541,0.88279354315111,26.1109870499684,28.3443972298132,39.7781356389273,19.97208565128,9.38378190291553,0.483004464445047,0.712020485752055,0.667752321174185,0.892432564963124,0.996132711986224
20191111_055657_20191112_144759_118262619_658.000000_71939.595246_54.537702_-42.872151_50.046863_4.874153_0.022713,0,80,80,0,76686,6.17727624768141,291.336017906414,998.137303311531,4364.03460354185,180217.66456462,3952.34635560789,0.35938471402827,561.749010322568,5.63159810942929e-07,1.49298851941786,0.857334714437562,0.578970974017595,0.275331513912574,0.767427387579528,22.5751598335649,29.5609388633649,33.1509633705525,23.3472031257584,4.70526506301851,0.894140965198302,0.513915267303026,0.790412412248184,0.750436204262972,0.724548504177624
20191111_055657_20191112_151910_120133215_658.000000_75010.766665_54.230590_-44.665973_48.101088_5.134433_0.014939,0,33,33,0,77574,5.58016645909289,291.33604963566,900.020278618481,6731.99321473027,80403.1839882871,6218.17893251035,0.39193689717697,723.198618725934,5.28723597963794e-07,1.01284627747385,0.939473023454737,0.781021249281231,0.316009118459906,0.430720704282387,28.6369451385749,6.64568066121744,4.78806221528148,0.300712516293807,24.2495401422413,0.825437721924349,0.81599050230006,0.502715191911852,0.258849762844049,0.535954692939927
20191111_055657_20191112_155321_122183956_674.000000_73378.424787_54.102306_-45.643776_47.063202_2.938533_0.035806,0,15,15,0,78386,4.6766957428354,291.33600043675,1139.66512414413,6793.39066205511,133201.173312205,7276.98487577284,0.392864601157818,840.459047816616,1.21376725788566e-07,1.16264450823346,0.326920671231648,0.110194161192008,0.718359131330053,0.570597673202646,19.4247112008815,26.3567825802282,26.126428045322,12.328115293564,19.6543659532876,0.926637669063113,0.964656695685437,0.356397955607595,0.687609322068183,0.315761605990172
20191111_055657_20191112_161005_123188626_668.000000_67668.402009_54.617478_-42.704322_50.258874_3.224215_0.107273,0,93,93,0,78745,6.61144727338195,291.336008761498,993.548772917212,3363.44928303022,120011.45419071,8747.90030948143,0.388208993360707,1440.36343558174,4.77322020551258e-07,1.40821762889483,0.587553987575431,0.152868656426378,0.218481500908327,0.990301350808509,20.5276256087661,30.4607214168152,19.4255425068761,36.1782216607973,16.7488070738013,0.52194783468722,0.734921383321077,0.934118026510883,0.520043773016853,0.776805920581721
20191111_055657_20191112_164403_125226439_750.000000_129569.119617_54.401240_-44.603744_48.272651_7.768495_0.000016,0,36,36,0,79473,3.55215092808048,291.336033653173,849.017733941158,5510.17345488981,155989.489229639,5456.22872696059,0.368609446998191,899.386338692862,8.97293157694288e-07,1.42693786890014,0.76111194238277,0.377394687439439,0.55382320470111,0.631682090780672,19.9253195447345,39.5746637422336,35.235209987151,17.1190827081632,7.5496313434454,0.828232423238852,0.383692848824958,0.550550673078635,0.366433599046434,0.967182080438048
20191111_055657_20191112_170504_126487456_716.000000_53614.569452_54.557686_-43.745917_49.206578_2.724110_0.297501,0,59,59,0,79914,4.94873125384847,291.336071900973,1101.1665208523,6507.39757857337,78450.6131177007,13486.0678921537,0.389581112089531,929.56131968469,5.46358516467735e-07,1.08074308478532,0.994077265153921,0.340830156455027,0.0461198731973458,0.938391290273123,19.4846963381134,9.45605962823949,14.2500691556023,8.16958729369323,29.4503296580539,0.710640004144331,0.752823386079701,0.800318304607072,0.327096724488795,0.614497494841144
20191111_055657_20191112_175012_129195256_708.000000_60899.624737_54.265079_-45.389063_47.420410_2.952443_0.116301,0,18,18,0,80830,4.24860427679094,291.336037676947,815.822985925309,6710.47288440549,125524.167587542,25890.8944795167,0.378027432604971,888.674844605521,6.8516010071257e-07,1.1880386993461,0.753095739197561,0.451629968336227,0.0458346507261846,0.0314873717599893,18.9376411838606,3.0459176838715,10.1731473071665,18.6256237772557,21.4237154248328,0.89827457941457,0.550702636495299,0.731569441415613,0.217616974452459,0.678289728382439
20191111_055657_20191112_175601_129544453_734.000000_449303.849469_54.628404_-43.173101_49.808036_4.048192_0.000000,0,72,72,0,80946,5.12092893664758,291.336067928167,958.650778024687,5454.74519903449,75379.7475973778,28049.3665920868,0.384820998539402,979.059381590867,7.50400704949201e-07,1.32572948160668,0.973974227810706,0.638972803661275,0.688941997960523,0.35764664459248,26.0001320972969,15.2075963156719,34.3511732560478,11.6309534482217,32.8641266276624,0.931534930356477,0.895774769083549,0.911731928565017,0.688871511062673,0.956975021053428
20191111_055657_20191112_183421_131844412_688.000000_75465.993082_54.242933_-45.053106_47.731835_2.811253_0.057806,0,27,27,0,81708,4.27078737382957,291.336042059381,1135.39951219578,4995.97885987855,81276.850804695,8759.39230544984,0.389248965209229,522.013502046202,5.15896283874666e-07,1.42311950534783,0.366120103852896,0.755579975684447,0.848291435263749,0.978068786059958,7.99883009131865,33.4479427564352,5.02590772951098,27.7663523950339,23.8164845772114,0.983556974389836,0.665579090792225,0.737337428663327,0.608149093303862,0.512131282165028
20191111_055657_20191112_192646_134989449_699.000000_56620.959033_53.697405_-47.883964_44.604300_3.054393_0.537944,0,3,3,0,82650,7.76083260956895,291.336032310676,973.247826869024,5731.09366049895,199236.895806516,2134.16681721404,0.375096527672491,890.125319777898,4.53281826015499e-07,1.41088284392107,0.501085736572217,0.77255134144478,0.425133313775782,0.110717426035308,23.9655860237115,15.7447104860918,18.3589611250597,12.2904541721736,26.5513027727646,0.774800987307641,0.797063150892161,0.470278245770918,0.792841026548029,0.235996497952307
20191111_055657_20191112_201504_137887161_823.000000_59900.826901_53.963122_-47.669553_45.007259_4.134395_0.457425,0,5,5,0,83557,4.18353851583842,291.336042507884,816.662357720199,5539.97200544805,185157.238558864,2346.47566124321,0.380472195551303,707.649120191656,4.23354012263331e-07,1.05876441531825,0.918865087288932,0.383730561121202,0.399075933070394,0.359879047881687,36.4240367185251,28.0642890741898,0.511653493575943,31.17064712186,34.6640479263359,0.644026795218823,0.44647753861761,0.472134769817556,0.235631058255831,0.376799348899527
20191111_055657_20191112_214636_143378881_694.000000_538990.477736_54.598038_-42.784763_50.168574_2.965894_0.000000,0,87,87,0,85074,2.36346679765851,291.336018736477,1001.59235830802,6475.00526863951,85651.6252524016,27992.208781198,0.231922953849703,644.890115059831,2.19918184850083e-07,1.49138590300748,0.813687738828764,0.526110060150598,0.238225920096499,0.440343629321649,15.0099608545002,39.8354950549289,33.982162135375,1.77881940147853,1.48249400409422,0.942427840224611,0.941691547928529,0.452810418416752,0.566776157502237,0.889764069647907
20191111_055657_20191112_214837_143499786_674.000000_80250.726560_54.278176_-44.527414_48.267070_6.441245_0.006585,0,35,35,0,85119,3.2483093905969,291.336085657994,1090.23803559037,5538.2801415112,169923.663344917,6869.70040776452,0.398598451894088,889.360496260058,8.47114475449772e-07,1.03526535376327,0.612186429571379,0.111776591752124,0.114503469684241,0.641504040365995,23.4830706730077,24.3672973218132,14.7931170102821,10.0994970182198,3.12198070856675,0.851352837118757,0.907482645687104,0.611718165143179,0.626905968650177,0.235283207653962
20191111_055657_20191113_005048_154431129_684.000000_100482.417245_54.191209_-45.184043_47.570143_5.757263_0.000755,0,23,23,0,88005,3.84070841833765,291.336061757149,751.913808455049,6240.75859186853,194306.093091079,3901.23254093048,0.381648826716925,820.894385719568,6.83612144098883e-07,1.17168094566789,0.309456449430045,0.263253207617411,0.838197971658719,0.700795400476781,31.8533641491343,12.5009270772058,17.2632660657494,22.3869853934071,9.04290958307063,0.679507971606598,0.742369643693152,0.986212644173973,0.777121922302391,0.227593025176471
20191111_055657_20191113_021531_159514120_839.000000_114180.733668_54.613494_-44.687312_48.332140_8.431777_0.000067,0,39,39,0,89211,3.5402181651403,291.336062548886,753.541324633642,5788.29346335129,118249.210722535,18857.3378717798,0.386649794747016,1343.54269927326,7.51585090383515e-07,1.0682697936319,0.664376356216871,0.190641834946324,0.573127510995132,0.0119470337597662,26.2666673357016,24.1999153192207,23.5674570798055,6.70429493172236,10.7273348796828,0.614949859314229,0.446735178894124,0.576661488416466,0.626694687717823,0.705113961081109
20191111_055657_20191113_030305_162368289_676.000000_75764.577329_53.608377_-48.222477_44.211111_2.974515_0.038996,0,1,1,0,89853,7.12961832484217,291.336041837125,1131.43581283375,3525.98261017694,83908.3650316402,10953.3366850147,0.394267476689152,1210.49853088155,8.15846612966076e-07,1.12575067056772,0.87160820909996,0.279375310920996,0.860144662409415,0.373467235774708,17.8471608323885,32.0970822662622,19.9992023245729,11.3595345492898,17.337733097726,0.830650637950311,0.885901754033156,0.972239000560729,0.693113930188131,0.71672251406909
20191111_055657_20191113_032701_163804310_893.000000_125202.572482_54.928223_-42.773977_50.379919_8.121212_0.000016,0,97,97,0,90176,2.25551039554751,291.336032039218,871.008164929098,4949.87745290891,93057.4765950823,29421.2484573131,0.394350064044264,1256.72924041888,4.58514009347403e-07,1.45070264257185,0.100431362238214,0.580344958753473,0.00653924843170477,0.901812888071287,37.2125644336844,28.5392098625226,31.3693037983685,27.5473548737774,28.0325346715196,0.808921356192065,0.857385116972348,0.368348488101022,0.257557528133094,0.275774861268878
20191111_055657_20191113_065638_176381508_696.000000_74890.665687_54.247661_-45.157254_47.633707_3.875585_0.022943,0,24,24,0,93025,1.8604850130601,291.336071073212,1125.99364823779,3383.66554103981,123175.060788485,15518.3019984058,0.383930765986954,1425.95141241561,7.02302560458369e-07,1.47085975342646,0.709965713917154,0.35194444926666,0.0565033589909809,0.906680801627831,13.5909100026107,18.5989755828737,8.91902936320343,35.4819159607569,12.7275207555779,0.939057811814081,0.826943898337838,0.484205772095052,0.701968009212902,0.61336013748388
20191111_055657_20191113_070447_176869782_835.000000_143477.951979_54.695602_-43.799432_49.242423_20.458610_0.000004,0,60,60,0,93140,3.74760766076349,291.336035095859,877.044055929784,6300.64839285819,183934.910118396,10115.2104708803,0.383123094134346,1291.28633170542,7.64004584915936e-07,1.26998658534765,0.0382645830838075,0.89052717626398,0.0878460579386973,0.750396956476545,10.9041460615191,24.7709392846851,24.5843925532418,3.78755509070269,34.7897189145681,0.732487483962412,0.474996695741843,0.489869761822876,0.210017612994746,0.660827090622294
20191111_055657_20191113_071423_177445791_679.000000_76283.479299_54.036844_-45.937237_46.733284_5.632157_0.012009,0,11,11,0,93258,1.52668297728891,291.336056565279,768.038770312463,4650.04691782072,104347.52597829,7591.21114616117,0.399409784825218,1383.11213053611,1.91222950526886e-07,1.11680757740907,0.679837067003085,0.228813006288245,0.529641368378698,0.852127931352755,27.5838825077591,26.3890759269507,8.54766436515159,21.2415084014482,2.91622358843491,0.973422093228984,0.691302082517075,0.536490594965628,0.999585311147739,0.865644760943606
20191111_055657_20191113_085100_183243205_834.000000_144434.410087_54.768689_-43.289832_49.781767_5.339632_0.000008,0,71,71,0,94590,4.97476103245136,291.336005344202,845.650400371559,6222.2134739563,91218.9437333891,28504.3043024497,0.375162441929417,658.380725140335,5.68565766855837e-07,1.17191119451601,0.783488521424671,0.230172659869838,0.282448790585865,0.157452682529793,17.2317298031042,39.4920116102945,0.733610782363918,1.86527992493562,22.7664661037086,0.864154070974447,0.224711040197625,0.768137701537423,0.658598962911704,0.693700862697467
20191111_055657_20191113_090803_184265899_655.000000_73176.475541_54.468425_-43.410872_49.477607_2.747222_0.049108,0,63,63,0,94838,4.47906177109177,291.336023070517,872.306555073993,6124.73290985933,76642.0381310167,11868.6294872623,0.345349023240008,1073.65677396603,7.57539937604158e-07,1.00675051398482,0.223440817485368,0.607185624254949,0.348905420311872,0.76635847349606,19.9152499476666,22.8751517274797,16.064555979662,21.7287516296222,7.17282402574461,0.737756208550474,0.799617652006699,0.747904457433173,0.331779371370601,0.669871515857636
20191111_055657_20191113_105235_190537869_729.000000_98081.540203_54.697169_-42.653336_50.356427_5.356220_0.001312,0,95,95,0,96137,7.41379294775894,291.336059816382,781.534903372106,5325.33563391207,80380.6917785618,1711.64122069806,0.375026760901287,1400.59186772599,6.06101030822842e-07,1.37710010019611,0.904324662339754,0.609975520554788,0.917904872495221,0.551166993273779,17.0121623769747,35.5664911570037,32.3956748447598,23.2708020919384,14.8911976272027,0.671622697060386,0.47582095658095,0.43074197365356,0.337823600591211,0.559126115055126
20191111_055657_20191113_121526_195509359_771.000000_155247.131583_53.650559_-48.880265_43.609906_5.815281_0.000003,0,0,0,0,97201,1.60874755318904,291.336039138136,978.652513801773,6505.08176116499,75000.5942677589,27465.4999918086,0.385173653736352,1251.47970624983,7.3005958622271e-07,1.29656069369875,0.766348905071868,0.140943130973965,0.384220339765968,0.157985995415707,27.91696678356,25.679422970868,21.8411644139886,12.7231963092819,3.63143736454122,0.990961577035525,0.388417128606075,0.281322417405291,0.376496029437947,0.738543710713673
20191111_055657_20191113_145203_204906549_870.000000_168332.047734_54.880068_-43.161831_49.975355_10.322988_0.000001,0,76,76,0,99150,3.81636387267931,291.336034577485,1035.55507132539,6229.69995184599,197855.372537462,25115.075556539,0.384798563350174,1231.39123376168,5.25442835002397e-07,1.17515095788224,0.735043658036302,0.997352541035199,0.926831360168053,0.692402513957576,26.889220060966,30.6290233484241,14.0039444641651,9.41421285529696,6.15203997875876,0.647824631137832,0.562743696651464,0.296809016428011,0.614899561359522,0.472924354353796
20191111_055657_20191113_145543_205125854_683.000000_188218.669694_54.500685_-43.607501_49.305577_3.798959_0.000001,0,61,61,0,99196,7.66761669848654,291.336057507379,1108.62969186403,5494.28900381405,79862.1089669241,29574.2254540217,0.269011001946251,1027.98452144276,8.48377477182816e-07,1.32841064483352,0.994502476314053,0.79534560174759,0.902479627869275,0.619667493316637,25.1830127322983,21.2351807722434,28.2117977614988,17.4505153316505,24.8749500907676,0.887769290313427,0.939746922129072,0.611907869655523,0.498010347504668,0.967289355542752
