20191202_043725_20191202_044041_195769_673.000000_97987.813210_54.571522_-42.829919_50.108494_4.091101_0.001583,1,56,56,0,152,1.93920023440058,291.336022434432,1133.04589617198,5612.91173202988,146289.967929607,2673.16430141759,0.3652577355655,558.104828063126,3.30724582696037e-07,0.508934553313983,0.443578823126827,0.446796755777325,0.159268823755748,0.784347060659142,16.6826783492595,26.8196089055211,17.7973727864689,6.23996799178754,28.0542792564653,13.8664222803183,0.924344690746175,0.485559341297814,0.705757188079157,0.831042374055919,0.577712231953265,0.503122362911982
20191202_043725_20191202_045314_949083_760.000000_135798.671148_54.838430_-42.171673_50.910026_5.806285_0.000008,1,86,86,0,751,1.56209714110142,291.336074529438,1086.77152361197,4353.17313870449,153770.701131713,28524.3720298301,0.317188673144147,1236.41463090952,1.04203788100311e-07,0.90764754241707,0.566099565817454,0.489692015089116,0.894080176896709,0.651303684781801,21.7553074313938,19.4944310703151,31.507249618524,38.6986260988124,2.73931532627938,22.1706821403177,0.760317531312297,0.67926942816393,0.992901854598176,0.382418186916114,0.530271112853371,0.312747523966219
20191202_043725_20191202_055602_4716550_863.000000_90293.139292_54.836160_-42.835460_50.263761_5.295335_0.003639,1,64,64,0,3811,7.48760805946422,291.336050883984,881.743987961896,6121.46646795164,182285.384177952,853.149666388192,0.38544808246541,659.437431924828,9.26954329282789e-07,0.523380427872809,0.617199572072247,0.312810252850977,0.573798365840304,0.752188545440059,3.39855087892633,31.6303151792538,1.31167975452749,38.6335514791705,5.16689071436729,14.6281978221567,0.854568915214869,0.35732115608935,0.301438902544693,0.827013037919571,0.565395888197008,0.978699382613879
20191202_043725_20191202_060821_5455444_853.000000_164779.455650_54.974851_-41.948195_51.207907_6.237674_0.000001,1,94,94,0,4439,7.04097145240133,291.336047691125,766.855555622702,3915.51192107065,141200.461770518,27233.4481961518,0.34966230237795,1287.0656606419,4.8552041012519e-07,0.699237496237968,0.293404519071228,0.194594455331346,0.855187758288527,0.197486289223649,22.5699877963813,21.8092485380768,30.4274866605291,39.8926555572804,15.0938927803543,20.448372629835,0.934545874895166,0.941397652703309,0.927340157667992,0.316619715702551,0.456571152559485,0.210984687282355
20191202_043725_20191202_064943_7937609_695.000000_59241.656907_54.784324_-42.003493_51.042308_3.573772_0.174511,1,89,89,0,6492,7.82309100164142,291.336022617155,973.016552322575,4033.03146585741,104804.91328872,14938.4618582033,0.379014109138081,676.740644208618,9.13259556574539e-08,0.0601389835507589,0.189922136241182,0.519236196142997,0.28789857917642,0.435769848104061,6.7746733006356,1.12060899278949,19.3371732277963,12.0654782010178,21.977980069885,11.3314968182111,0.906701912997423,0.963362619050599,0.755923276046715,0.657597042552859,0.304241314178345,0.876065490647337
20191202_043725_20191202_070058_8612230_710.000000_132515.335810_54.287805_-44.787015_48.020298_8.067099_0.000011,1,14,14,0,7046,5.7714508862886,291.33602590294,796.539383163079,5354.04941342145,108556.184030184,4918.42772575856,0.354295819842141,1223.43313941795,9.52224156439493e-07,0.57871810801381,0.950698539100462,0.752077252812143,0.940485235880511,0.322479612811602,33.1490112606251,23.4960335767637,9.38940724007891,25.1256156563592,17.3317974107278,1.40389068886014,0.677766750397893,0.872796839709106,0.739478337158734,0.406984476449836,0.431910546237869,0.702216261821743
20191202_043725_20191202_070942_9136720_672.000000_87936.141510_53.971692_-46.204591_46.428562_4.450245_0.004998,1,7,7,0,7496,6.3727676080914,291.336097385415,954.277268231354,6439.20219265908,82223.051679773,4280.17450871624,0.383852147762395,1070.22910017363,8.2603724457735e-08,0.797777906648896,0.636468740934202,0.958136133752325,0.19488658318597,0.665924560966412,28.4404804749848,8.51766919802771,12.251832200541,17.8830542887253,5.92629583095593,28.6426219186281,0.942131038093574,0.72688394171224,0.828460210669759,0.25314702727998,0.765267935169591,0.217424612268634
20191202_043725_20191202_072030_9784421_779.000000_99768.905227_54.790285_-42.849819_50.221706_6.783172_0.000501,1,62,62,0,8029,5.28678597630579,291.336002141779,798.343335334686,6508.81899333442,192774.78919054,10940.1200996414,0.365036995623403,1443.07541871516,9.25870250423601e-07,0.226134331479113,0.914841199739314,0.323274265270768,0.396909338855955,0.416591311860212,17.5025617300075,23.5813836581201,16.4397119214873,8.34922546017735,22.0317340519411,0.576555335620078,0.708556303589985,0.515503130405257,0.672022277671999,0.95232829048384,0.201687633939368,0.618014928976636
20191202_043725_20191202_075109_11623435_709.000000_139823.819858_54.504466_-43.412658_49.498061_12.984594_0.000002,1,43,43,0,9534,1.96838337793079,291.336030793857,997.497882375466,6035.31137652511,153334.499133974,5642.15211709661,0.367628219445599,1041.45255735906,6.510290149788e-07,0.794883933548656,0.599003289236232,0.111224564330683,0.811760404216724,0.606853635792823,14.2451724717132,27.7200777305577,3.78077031354524,36.6998902441245,3.51453378071449,12.1031588611369,0.982540514368645,0.569793880546103,0.304668648741763,0.746846470962201,0.243086126302307,0.66274709714991
20191202_043725_20191202_085401_15395792_640.000000_59882.170161_54.291297_-44.384805_48.414717_3.865746_0.143552,1,21,21,0,12649,4.64008696185628,291.336088565189,790.478357501044,4783.6255802538,159084.889047813,18692.9306940377,0.351081590156368,1365.80124988048,6.6253649318525e-07,0.503539625980955,0.651271948330885,0.952257921299839,0.367503869824022,0.0053970840450337,22.9342175105555,23.2808973660331,20.5132177945918,11.6354046447161,12.5940573934249,2.15469907158,0.692153098526967,0.895274916212759,0.956065461587565,0.63799129199578,0.452058679745824,0.958926018820055
20191202_043725_20191202_090526_16080694_670.000000_77502.284634_54.599183_-42.633120_50.317621_5.073803_0.013648,1,65,65,0,13206,6.47822778433661,291.33608806631,799.650829893829,4046.67516980373,152436.735837971,1181.81582841929,0.38155328343918,1125.40447321528,3.13398578170188e-07,0.431427953898281,0.928894298069664,0.127989517209108,0.24334752535081,0.856582818422005,26.7761160517752,24.442053772937,39.8762758140522,31.3629783321959,21.208833588129,11.9515511478968,0.531173135521323,0.800704657567858,0.615239490623302,0.498112151403855,0.467970970288775,0.88381982594937
20191202_043725_20191202_093212_17686772_685.000000_72215.828265_53.644290_-48.210437_44.249491_2.181851_0.047054,1,1,1,0,14554,5.45583256748393,291.336048613724,1103.26581107944,5912.36788487936,163198.101313582,20040.6800382783,0.379497485699219,520.87373523421,1.69049844594639e-07,0.190511188453165,0.473199281753962,0.60884867575525,0.591169092065879,0.348637052512688,29.8323132592249,15.9418656793567,30.7737603545569,8.4798417510868,15.1498766290222,11.5301004997254,0.75741358030347,0.872732455148868,0.93149882345747,0.645052912658154,0.643981702460023,0.320619969264201
20191202_043725_20191202_093429_17823267_675.000000_83253.935143_54.389225_-43.988775_48.863639_5.947304_0.009980,1,31,31,0,14670,4.4853172188015,291.336083180502,1075.51093992204,6370.90315906177,90507.7760032156,7699.52298989429,0.374734729885755,768.889702754893,8.91910250595833e-07,0.46473492387359,0.955301597868475,0.71058240766627,0.173975093728438,0.934428700068337,38.9188550186448,13.714687039171,0.841345942065085,20.8702275477522,25.8593568803859,16.2457284373734,0.708085397594824,0.854034338620974,0.842547944801403,0.822069764894069,0.836808053578556,0.506706732047499
20191202_043725_20191202_094527_18481721_817.000000_276150.151663_54.646473_-43.607804_49.396758_11.245261_0.000000,1,40,40,0,15202,1.78749358325154,291.336020583336,1072.62695263375,5128.29171500529,164973.123053967,29409.1174906467,0.349426326297994,537.78861782225,2.30988981470892e-07,0.57769397380841,0.810843239313196,0.290893327160718,0.95191129334839,0.961095397538357,17.6284649010701,35.0879171066337,26.1181970176991,39.0816767186534,25.2286907696815,30.5563187731214,0.985690300221842,0.891699669538519,0.471562923454675,0.661729666158421,0.207196795513501,0.752301831805857
20191202_043725_20191202_101413_20207647_710.000000_506351.311418_54.299934_-44.846416_47.970454_2.874622_0.000000,1,13,13,0,16580,7.51434160456292,291.336048387848,856.466659820637,6673.87342991094,120725.553078269,29557.5786146531,0.11834477672553,1159.2007631128,7.29410738414745e-07,0.0212725475447481,0.0243471937695366,0.184109438254472,0.436832739658295,0.353778376587006,16.3938359150226,2.09338713459984,29.9163105357228,28.2165032006479,36.7981668201329,21.1474565995147,0.506881642228883,0.922315213348578,0.937297316532012,0.989401816884043,0.569374715297272,0.84357467942773
20191202_043725_20191202_103357_21391158_701.000000_73009.851114_54.463268_-44.014815_48.885170_3.614911_0.034424,1,32,32,0,17440,3.70638977486031,291.336017302967,799.403089763401,4849.38078515042,101330.064982971,13040.6727871996,0.366323300728853,1468.26769976334,9.07087594615092e-07,0.928245365641029,0.846093232723298,0.758991721925281,0.796917899200613,0.269947820813051,14.812620640683,23.7698480028306,37.5445767904383,0.158680310712013,4.75997130215409,13.8166672469288,0.771561142690065,0.645398534674177,0.445836666523518,0.484399905746935,0.706027896728919,0.873641162704673
20191202_043725_20191202_105351_22585398_712.000000_91810.019167_54.211229_-45.532567_47.244879_3.790976_0.002433,1,11,11,0,18293,7.67552119145942,291.33604796488,1137.27861991992,5028.84826844719,185011.307625915,18735.4111199802,0.383679627490644,1383.66984540693,3.90406218132678e-07,0.666397495625481,0.27259353898351,0.647573890082929,0.557656077934599,0.770846083309499,9.15686543990648,27.9695061501412,30.4507589047217,11.9486677336637,28.2028497624813,16.5377311082533,0.957999127731362,0.592774111842026,0.749361672935017,0.850055942243664,0.516189915172809,0.256893486845525
20191202_043725_20191202_115541_26295330_724.000000_124322.491027_54.579315_-43.365451_49.590371_7.412742_0.000007,1,47,47,0,21454,2.59883587172544,291.336084484174,843.236844594454,6144.32732418655,161232.885625386,23643.7003868301,0.384249862366825,958.2363659875,9.94493351383107e-07,0.597160569549176,0.429174325613777,0.783079495685254,0.191014667479336,0.758601560951774,29.4091096122559,37.4997693623206,4.03250364820769,18.0205562436887,3.2986730801023,30.1945150084725,0.990339050771848,0.712073241682344,0.592066515091599,0.306496722795608,0.548093121552785,0.768496320924535
20191202_043725_20191202_115603_26317343_875.000000_129590.324078_55.024116_-42.396237_50.803610_27.126851_0.000011,1,82,82,0,21465,4.06589710848536,291.336091608762,1130.09550526829,4933.62074547386,146008.503197564,17263.0061247703,0.379528061658833,1368.83084907974,9.41624740128208e-07,0.433289889911328,0.913627689278308,0.925581011085806,0.000115520489090433,0.446480930948758,26.6617147583042,26.3053447209284,28.2444704456118,22.2457566878565,39.3612030743909,8.33476407767829,0.440628205632209,0.869894098247297,0.421035421745094,0.589774868808063,0.341948023529452,0.472452581949556
20191202_043725_20191202_121948_27742259_702.000000_89987.144121_54.342119_-44.474912_48.359514_6.452456_0.002624,1,20,20,0,22652,6.91549062551143,291.336079044508,1002.95786464473,3281.39049354245,104895.273597164,117.709927708159,0.39618485439327,686.356955102477,2.11923567482216e-07,0.701008293486324,0.448990702428564,0.192944690651775,0.424425584400538,0.348204436439914,32.0470140348621,32.8363190699057,13.2372306622014,21.0944015727524,29.9174621594632,15.3294052558011,0.654880846954792,0.947147072199187,0.395288389791186,0.756075177493053,0.793008307756661,0.55722130993015
20191202_043725_20191202_124638_29352726_734.000000_129418.388729_54.715363_-42.365189_50.648516_18.921114_0.000010,1,77,77,0,23948,6.01101959373762,291.336072847844,906.731057747624,4685.32573879017,163429.952371611,1957.83775430382,0.392817240494379,1115.53876188269,3.99240732822105e-07,0.0925172671862429,0.329320872404577,0.521824178973,0.760668545647843,0.122286441170675,16.6481725454276,10.2911522025686,28.7780620932899,16.6644225076928,35.8750024709651,5.99672197257746,0.683000537303178,0.824715372245291,0.444531938726814,0.670010404053838,0.866641212928808,0.202302897813706
20191202_043725_20191202_130916_30710920_763.000000_57246.706902_54.913815_-42.055962_51.067167_2.808434_0.232877,1,90,90,0,25062,4.07641947857015,291.336000270065,994.974289951839,6804.48961713191,128609.773097737,13280.79828859,0.379665865547063,675.73614301837,6.25746196203445e-07,0.872241012833098,0.156832768691099,0.418540805902652,0.455349961350354,0.450916269532565,22.0639837948968,21.638309025386,11.6092709736109,27.0693090726044,19.7323081494008,25.5157291564579,0.540520791326089,0.848257935053358,0.562257608491067,0.253754574949847,0.973712568855807,0.295821398232362
20191202_043725_20191202_140046_33800737_643.000000_58438.554345_54.459150_-43.140031_49.737093_3.023275_0.156061,1,50,50,0,27696,1.99097698560672,291.336072559795,877.82121186241,5958.94096164149,160860.272176239,662.046436536549,0.391181337852435,986.938383028846,5.67374197749325e-07,0.164752406095508,0.695918689003175,0.420471597712753,0.184606846260794,0.748413823201011,29.5084297277859,14.5629085282802,21.2942324130029,25.0562367618166,1.7892503116513,18.0826208521261,0.757376744148943,0.965179880490673,0.812906463450537,0.288789671200125,0.867755929149604,0.241948269940745
20191202_043725_20191202_142422_35217058_670.000000_496576.741710_54.468396_-43.374734_49.512928_3.815952_0.000000,1,45,45,0,28881,5.85534968538353,291.336084170796,1126.0291642649,6661.53369921809,118367.319739533,26722.0596808101,0.180316521763641,904.388604105424,6.66971107531762e-07,0.942821591627069,0.585754809390598,0.16826910415531,0.870309728706531,0.293475460855468,29.3844297115725,30.0552071370887,34.7264738791777,24.9124327484703,2.08453795261622,8.16802177906581,0.990147300008519,0.973474722601637,0.576262658739989,0.653347616502909,0.976590109640743,0.227905427068527
20191202_043725_20191202_145001_36756078_700.000000_84414.019260_53.834790_-47.248387_45.319228_4.083195_0.011526,1,5,5,0,30081,5.59300406632528,291.336046084781,1009.084007465,3815.50152018066,134167.759931964,2335.18033384805,0.398789202754627,1341.39507305411,6.51366519291709e-07,0.866093470343638,0.702228306412837,0.305128799820419,0.51266730918345,0.11040626073472,17.0338290026831,31.7520949440529,4.87948472981626,20.5912503053198,33.605993859293,19.820145680249,0.978160103635533,0.703123466138402,0.634246259152818,0.448722225636406,0.379572449630713,0.812071896256436
20191202_043725_20191202_145525_37079157_655.000000_55153.451133_54.722143_-41.663907_51.339026_2.747810_0.262392,1,99,99,0,30350,3.32277421688663,291.336035496772,918.468240765189,6602.07555595104,180745.253080955,1449.09177910208,0.399172757150088,970.454278697419,4.16856612863957e-07,0.898294146278663,0.772529453792921,0.702413935797719,0.608797727358536,0.637631207183821,14.8614946732013,13.3334863923109,9.03845957739908,29.0482249637631,18.1189233359723,12.5875007557417,0.770715700467287,0.591532893366051,0.855159746054407,0.202220692944286,0.463053315000603,0.775888258860258
20191202_043725_20191202_153859_39693182_686.000000_65943.146081_54.116040_-45.703387_47.014530_5.039520_0.057177,1,9,9,0,32423,4.21332950372624,291.336043650451,1043.49796014613,5585.26118399859,139078.746054296,7475.80042073181,0.391317457919658,975.744635800191,3.9274991931106e-07,0.554330933562676,0.0344992390902884,0.508714180257493,0.433067624750683,0.46081354755692,24.6208467452319,32.3674790202011,25.3691915002861,11.3620566067305,0.854576736844626,13.1116383581293,0.690213397709348,0.995683789883244,0.881438523619487,0.437329837165819,0.617192805749849,0.671011622627108
20191202_043725_20191202_154413_40008058_670.000000_404546.085986_54.620571_-42.537241_50.424169_3.655120_0.000000,1,67,67,0,32691,7.1819812284421,291.336059028445,804.974354070143,3870.055176969,195189.130683899,27524.9875006012,0.238049441422558,1403.74104178375,2.84294571132497e-07,0.0835397406668351,0.818992579613109,0.257633022543305,0.129625118790299,0.242838286380075,27.7564111595796,19.3217339906467,34.5938591251508,30.1572450699901,9.31553774450093,38.7245962552384,0.66954810690577,0.894157375872604,0.888705571028434,0.448149049975676,0.741174449425523,0.926499995645335
20191202_043725_20191202_155512_40666272_723.000000_59694.673268_54.371772_-44.624419_48.233317_2.623515_0.376604,1,19,19,0,33246,7.76563035146958,291.336086692389,1114.721260122,5729.31801980651,199524.35330754,1716.86333435585,0.341627683664882,769.240628884769,7.33421493672762e-07,0.222448876595808,0.940186862291518,0.946554661770217,0.936522025855789,0.940870110792316,29.7753774763083,38.2368821760156,20.3153488489402,23.63225686785,9.90134202079443,34.3641571175256,0.81365874494383,0.446517293743726,0.771098231672033,0.728556041240458,0.702155307847418,0.351099372702656
20191202_043725_20191202_155741_40815870_785.000000_208026.874950_54.427680_-44.801471_48.098336_9.463098_0.000000,1,17,17,0,33366,7.11443415495231,291.336076449735,813.780838160296,6056.44688272731,152774.366705171,19653.2668226753,0.330908394761424,534.539407412449,7.49397158062373e-07,0.884533089055425,0.201436423060086,0.719756689601383,0.235943948689139,0.121305028068016,34.3882355032861,21.8988867224392,21.0555456616459,19.8966074305458,36.0493941443371,21.315660271274,0.794736243305932,0.732682731713786,0.224202818063152,0.423841806352706,0.696910986441194,0.46001729852142
20191202_043725_20191202_155821_40855264_659.000000_378397.637337_54.515593_-43.119787_49.791129_3.052911_0.000000,1,52,52,0,33401,7.09901126033187,291.336081957352,1018.99159603716,5235.50299071997,149360.397409484,27259.2298234324,0.122444330004652,821.704505256509,2.8593022005607e-07,0.786664591433073,0.81518235680259,0.0983488943057676,0.303342910888687,0.225129375752908,20.9495738398979,33.2816440130502,23.7449922820118,25.7281496084816,31.9774851699038,35.7882930353105,0.868929074035322,0.864574767163434,0.96796913091804,0.539297399353635,0.810926834852814,0.774542923063817
20191202_043725_20191202_163245_42919106_722.000000_48703.617665_54.712659_-42.827101_50.196456_3.791024_0.521697,1,60,60,0,35040,1.57572227779301,291.336056136964,1007.09105294877,6740.86024395173,177087.495020349,14019.4731770936,0.349314543758464,1383.85717483859,7.53569415364194e-07,0.270916804465543,0.869189031851637,0.535112691689759,0.348487076634869,0.11475275665642,22.807378478429,26.931837731196,6.0050965278548,31.5919639803926,16.0112572741877,35.4344172883962,0.515674852311716,0.626019324271858,0.745631788884138,0.962573438045717,0.802308093911921,0.35158719832093
20191202_043725_20191202_170259_44733699_647.000000_74061.640282_54.696684_-41.744518_51.245438_3.898923_0.026781,1,96,96,0,36598,6.09281213578604,291.336090965018,773.617653581113,3845.10042559441,154206.061725909,496.786862740893,0.342889905308934,1097.83040796982,1.09059816031637e-07,0.910334144448985,0.211589185181988,0.984946341929885,0.865726860142772,0.227113405662439,26.3377133104211,18.2314780512384,38.1550735584328,19.3750715687373,36.0987738187867,12.9386303021916,0.764850464293765,0.488340789592295,0.688076845384822,0.82313699337992,0.516337616865906,0.842368579499969
20191202_043725_20191202_171519_45473723_728.000000_92455.716966_54.439541_-44.064534_48.821666_7.667785_0.002841,1,30,30,0,37167,1.71873375548625,291.336061499363,1040.53264228906,4808.59735352158,148205.75019826,297.883801471171,0.393401280980812,1361.48229925412,5.53150138245231e-07,0.661762990602451,0.573109358317776,0.155734192697492,0.320918700404193,0.95399903073145,38.7598800408916,13.2839605494821,19.1533064610854,1.84772218415441,20.8715346886595,24.4509608539609,0.9725802350102,0.452196894710078,0.968129401792237,0.60492312159341,0.544569788256817,0.312268706468954
20191202_043725_20191202_173042_46396847_647.000000_61297.562275_54.514349_-43.079129_49.830158_3.600441_0.111840,1,53,53,0,37941,3.10709466342084,291.336037869236,1026.37978464451,6696.07581763043,153258.093406221,13439.4482589881,0.368247717202088,1441.48711809443,8.07289012214924e-07,0.674042560600764,0.304641913687658,0.851141778575744,0.0735900930002252,0.221259638518608,21.0950609484456,21.6219328767063,1.03965608736374,9.45944447921985,25.260682194895,8.37732433434661,0.774697248441375,0.66144798281513,0.841806041732726,0.878059971562005,0.931514827539571,0.458309482497245
20191202_043725_20191202_173215_46489600_661.000000_374073.828463_54.645417_-42.306552_50.664698_3.600889_0.000000,1,78,78,0,38010,2.31234000238755,291.336088073277,834.825489174204,4502.6080124607,143086.009660568,28294.8291406188,0.111859663531511,523.620298849786,7.05385378202779e-07,0.0296871428927083,0.627418938141261,0.780497473683756,0.30673066282576,0.672175165974894,12.0640782279226,19.0292932692753,17.7767504641008,11.2899992532379,25.3272122355851,33.6365935330906,0.843509197874247,0.886471863518627,0.92491226321388,0.85563424372052,0.61457296132341,0.910956364370928
20191202_043725_20191202_180107_48221940_664.000000_71095.940491_54.586033_-42.720982_50.223785_4.469507_0.026131,1,63,63,0,39433,7.06875111209211,291.336037170964,1137.24919082448,4170.36832307043,71977.610258976,9908.11196097086,0.378382895457317,924.892352153627,5.95931426899617e-07,0.674550332749395,0.346939098081112,0.535033771116185,0.0415712665823116,0.0764353990009544,17.6561661773963,36.6182217614047,36.0437316800864,24.2562589838066,32.4282715448731,9.97938487011954,0.81329976211038,0.736319039652561,0.62170580313381,0.220325183870907,0.532307143797516,0.866860155762911
20191202_043725_20191202_185341_51375811_773.000000_161768.044625_54.639844_-43.287309_49.703935_7.602557_0.000001,1,49,49,0,41573,7.60351447823307,291.336027437199,1005.71069283227,4769.71443300199,161170.772522359,23550.3811325489,0.391222812833719,678.503176650011,3.48263320318514e-07,0.893691971101736,0.0462146252077577,0.213617238536029,0.623174917029357,0.0510996286017579,29.7548612721264,27.830322518803,3.23942583112844,26.343698655979,32.067184928789,5.13509044245994,0.942118068224944,0.911766560940201,0.974114508702866,0.331997437075595,0.278967184948202,0.523879851632038
20191202_043725_20191202_185915_51709906_715.000000_66129.814795_54.490922_-43.959594_48.956488_5.011837_0.052239,1,34,34,0,41852,1.84344327411986,291.336091946881,891.584426653259,5201.27019638959,177767.055392574,7993.92038390514,0.393913974074712,940.847218681485,2.90349052521199e-07,0.413139045501547,0.374601579736066,0.484259196301891,0.275431055995678,0.820302388363455,26.7563659676558,34.0405130846835,37.5047609428803,24.7220492401269,2.90929952448952,17.648250093474,0.681385148447961,0.558583624563309,0.541043114121103,0.881443366027165,0.939368203270779,0.666595880702401
20191202_043725_20191202_191827_52861719_765.000000_51054.379877_54.869818_-42.298770_50.805027_3.391057_0.361651,1,83,83,0,42775,5.86342228497526,291.33604636878,1057.6985277636,6105.77615998543,188765.846299606,13448.3671867827,0.391337447463414,1406.06519452459,4.28060791633393e-07,0.520014182027369,0.700391149967204,0.579395654973457,0.528796333287811,0.776786518556497,21.2215459056706,29.1563282727139,4.16727494477384,9.32099640930246,22.7555504147641,5.32441125811249,0.666897897762197,0.48484065080739,0.908589407731819,0.961697163586277,0.534135996959879,0.501522043830578
20191202_043725_20191202_200203_55478061_724.000000_634108.489954_54.685743_-42.466821_50.531683_2.794473_0.000000,1,75,75,0,44938,7.96516521754121,291.336045627003,990.345439672149,6814.18822317555,168173.010541465,29650.2145190648,0.243021466861874,1381.1506878053,3.24508671535339e-07,0.487668698141209,0.920991864105866,0.426737723931356,0.786248637784758,0.91209861708866,35.8767880968321,36.8183005748129,33.4363580204331,2.11350736023487,38.5112856484768,6.07834566450439,0.836602326818869,0.986661102938205,0.924109430951369,0.399706842415844,0.730065033450374,0.390834670697661
20191202_043725_20191202_202933_57127109_706.000000_103025.792667_53.763380_-47.587883_44.938975_4.038212_0.000603,1,3,3,0,46351,3.28366875439059,291.336031881643,819.006600005185,5489.41205460007,134334.944197901,2736.58935355299,0.396832950766434,598.381773788912,5.71455244610665e-07,0.267801399382574,0.139916507427097,0.815447591068089,0.614565202183047,0.784663756754484,17.8537133824093,23.2359703342463,24.5503617726508,9.953755087393,29.4903503053226,13.7233568639157,0.850114417807505,0.851533866539104,0.599960345209225,0.945699118194266,0.588657447756833,0.564367445750474
20191202_043725_20191202_203226_57300935_822.000000_90287.805288_54.715077_-44.072950_48.990950_3.721310_0.003875,1,35,35,0,46489,2.23990321440764,291.336057880493,1012.08017636245,6431.85679356339,190914.731130069,25790.2196421273,0.362712826099563,693.788328657621,8.18381163442479e-07,0.726119337416734,0.919449381066945,0.844036500869936,0.771002859608393,0.666164097144469,24.9172018892449,21.7705839911972,24.1739142500267,8.70586607234592,17.361878085389,15.4948857597145,0.530838580603907,0.976434356576349,0.287080040514908,0.996481870103754,0.722843637982064,0.420797033454817
20191202_043725_20191202_204633_58147346_739.000000_138184.882003_54.726363_-42.508311_50.515358_8.626816_0.000005,1,74,74,0,47157,4.29623549709426,291.33608744346,1092.66189122993,3784.18162173898,169522.740580033,13472.4349140917,0.340589767002139,1445.97088915276,1.47341469103276e-07,0.178202706007026,0.417978955933533,0.755527715736987,0.767444916618916,0.895842519985465,0.590220899883265,18.7535547207547,39.8094026645541,34.6330861459898,15.3975186776473,16.820598634571,0.563059385016469,0.935931874176526,0.632628084105701,0.949572547984286,0.926719944521256,0.329956623070117
20191202_043725_20191202_205912_58906221_814.000000_182232.171991_54.700922_-43.528103_49.508394_7.353482_0.000001,1,44,44,0,47802,7.94090902448324,291.336029232237,1033.04547054502,6113.41698221229,117953.814925003,21970.4123403987,0.326578734189885,771.497651770162,6.38170280238863e-07,0.882711001823509,0.470410929481967,0.809883857480938,0.0795899775434599,0.710210106100514,13.7141394855292,25.5400536990331,18.380059205965,21.324871364125,20.4130979831002,18.578200691559,0.96719639079845,0.491125980945672,0.256646989583547,0.217883920722774,0.70337275645709,0.630459515568093
20191202_043725_20191202_215915_62509183_658.000000_76579.657474_54.360498_-44.042625_48.792917_3.040970_0.028888,1,28,28,0,50717,6.77735527469712,291.336022011223,864.449931875159,6520.67318770403,180464.478534628,3883.15399878845,0.374293084565549,1119.79079032203,2.67270388432657e-07,0.0551388057480478,0.0471025790054257,0.712623461469513,0.989672735117212,0.620095240235905,21.5107771543222,21.2262820513838,26.9289091875645,18.781970125607,15.588924452407,14.7845279445328,0.714948431412648,0.915941345295322,0.582359985773262,0.915620213346268,0.416249260362002,0.88335193365768
20191202_043725_20191202_220217_62691596_725.000000_64620.131986_54.806340_-41.952322_51.105105_2.761847_0.200287,1,91,91,0,50857,4.28244395241093,291.336012006418,774.495863228384,6834.49258701627,166432.709020291,4519.38620514662,0.399116202183378,1330.34386510053,3.7558339186377e-07,0.489403262791086,0.143831561788348,0.691573918380192,0.225801412412882,0.468680353858426,18.2146928493059,35.4059148244653,21.3397823338908,39.1387501948127,34.5406798092212,36.5386582332888,0.69295883225076,0.350522212820509,0.466683935876146,0.57144040320533,0.858664589843448,0.376661954774504
20191202_043725_20191202_221057_63211638_890.000000_149637.394867_54.876972_-43.361438_49.780875_20.652163_0.000003,1,51,51,0,51263,4.91500771506366,291.336010623315,1099.6135468104,6400.55766548253,180464.108935221,23445.3357994925,0.379332916601753,738.414310874527,1.61584218461411e-07,0.588134479098573,0.84713290370539,0.265872533757597,0.982318063604716,0.123968324122449,30.3177309888274,29.4707841753576,23.3333046205034,6.90301403163954,4.79899634103007,24.7107721498955,0.657483935014997,0.387167833106261,0.659330202834492,0.236497760318362,0.416188815830151,0.54817235976869
20191202_043725_20191202_223702_64776119_747.000000_80988.110652_54.691658_-42.791894_50.218018_6.632965_0.015612,1,61,61,0,52571,3.23057714786178,291.336082961998,781.391998588516,4825.92561688601,111105.048892781,1490.56110411618,0.393403516555623,826.947226165574,8.57470727705084e-07,0.494823198076448,0.808113849954182,0.511000582807206,0.527724879144049,0.16010269847401,33.9439037532778,39.3471526899495,2.84301368303899,35.1314166895592,23.3331770410542,33.2988108261672,0.540859106660259,0.732371863592609,0.959643681307927,0.21659162319461,0.472271226677441,0.265691434670704
20191202_043725_20191202_225439_65833216_724.000000_110719.400431_54.505398_-43.782161_49.138336_5.986931_0.000109,1,38,38,0,53420,2.46537245621896,291.336063445421,997.052831814575,5976.26871155838,86080.7451796625,6350.66530022409,0.392706329081271,1454.25039571087,9.27226066328246e-07,0.519547012936836,0.503425345665818,0.0133018749430059,0.953697738823983,0.331094363101268,15.9289562239801,35.1263800278856,33.741175840054,28.5630358992022,7.61283676554533,12.1977764284932,0.940179018730464,0.445114267586307,0.394277950746441,0.826722024843529,0.347112406434655,0.999984351404948
20191202_043725_20191202_230457_66451770_725.000000_122824.775674_54.300758_-44.771825_48.043557_7.100710_0.000017,1,15,15,0,53928,3.26753629764362,291.336052669611,1089.69175100086,4768.09468217465,176358.9282075,5823.45416556851,0.398969246002697,1208.85482937792,8.28345497000802e-07,0.70303730333453,0.155227969538613,0.444309717987801,0.728967226897203,0.388677559109554,17.2506473131849,12.9904817573774,38.6176638781364,1.3253325087954,24.4807364552826,0.0428587854177661,0.828146735827235,0.967585962098018,0.75797205024107,0.403235545634299,0.93575903525863,0.22994451730157
20191202_043725_20191202_231441_67035653_652.000000_78777.401660_54.651285_-42.109506_50.861251_3.917723_0.023333,1,84,84,0,54417,6.70808029233697,291.336060048947,1117.08737540209,3805.39130915477,108804.139223263,834.358318367156,0.354290033953646,1035.05550052938,4.69199364567855e-07,0.209984599793374,0.436517729505788,0.878972625006448,0.332144929733003,0.783658078851668,11.5788390521329,39.27110227057,19.3092896412633,9.21071728000943,24.382768238047,18.1315074951453,0.522291193787691,0.641040050608173,0.922273248459909,0.990949738751141,0.265239820114367,0.91348599126738
20191202_043725_20191202_232237_67511273_818.000000_69039.900163_54.637741_-44.395335_48.629497_5.057051_0.031554,1,25,25,0,54795,2.47209783905929,291.336024820897,914.283317685301,3076.92307419358,194518.358744584,22839.9898818369,0.399775987194274,819.628640279845,8.67996647793793e-07,0.524138101919663,0.0300890723906061,0.269055191796269,0.805022787890417,0.550112219513348,15.8477527621677,34.3759527270247,21.4708256308208,17.3345769661198,25.7611338223202,10.5294500167578,0.527643203741922,0.803749221898338,0.855523699298031,0.500691702566778,0.634084516076319,0.640225147509571
20191202_043725_20191202_234459_68853849_706.000000_74550.217416_53.940558_-46.861168_45.769705_4.818422_0.015938,1,6,6,0,55935,5.39915838401849,291.336003206395,1053.99022817282,5123.72839537018,150966.7388996,18082.1087686323,0.395171776175967,684.025867392699,1.40683994000455e-07,0.996875307887283,0.91238112945287,0.387668822904441,0.118753149398546,0.952911288036336,8.53797896733244,31.3598448259611,2.67240612622436,25.1203063218764,26.1673320819656,2.55642118769165,0.985642978928766,0.673727946656839,0.831895361601622,0.316474602322169,0.748358639780256,0.367244333835385
20191202_043725_20191203_001453_70647468_793.000000_66895.032114_54.722910_-43.687678_49.367924_4.374826_0.041706,1,39,39,0,57318,5.12312346539153,291.336059727912,1039.68638191956,4445.89293714601,129955.470543779,29555.2390029971,0.380809824619977,1494.23670824644,6.74853752011319e-08,0.887421042530365,0.354778801771466,0.908724496803331,0.255537093027034,0.86622715679008,28.2546246285993,21.9247566757467,24.9648928665884,36.3426521102402,0.421546619530867,2.55472373778661,0.720109843973249,0.545207824997868,0.505021453138399,0.866574801437489,0.845670701317986,0.663347416630732
20191202_043725_20191203_005859_73293122_835.000000_331262.004303_54.457315_-44.862984_48.058505_18.363015_0.000000,1,16,16,0,59374,4.65248401968745,291.336082807858,1113.09671025229,4920.0511283329,126832.054530516,27566.9511697871,0.395311754001594,673.304561444502,8.82711042277823e-07,0.938171002765632,0.873913393904569,0.911844067434365,0.350942876610279,0.915007564348673,14.7341931660191,32.8320837034943,32.7272106362266,35.2658484455277,17.0126090180799,27.9303163230667,0.937498035772579,0.886752723774382,0.548050138605453,0.490218632288591,0.22600026813483,0.26698910327092
20191202_043725_20191203_023445_79039184_657.000000_411088.894483_54.258552_-44.610537_48.173285_2.498093_0.000000,1,18,18,0,63877,7.78549237864282,291.336030099508,859.540372968692,6936.30611026613,182683.748236587,29420.7840078562,0.215326950403197,1282.54841271921,1.67433161801062e-07,0.0291045361679386,0.474053446024106,0.165498321214263,0.44590918848675,0.16396624566963,9.1584718080532,24.3374780518583,35.7314217722603,19.3954564285836,0.106409992611926,37.45031786102,0.871418384117433,0.952327289737951,0.995911127579802,0.765334668967242,0.632046602756132,0.769754220143994
20191202_043725_20191203_031705_81579709_663.000000_69650.959939_54.377730_-44.027395_48.818676_3.876759_0.033372,1,29,29,0,65980,3.32058787537479,291.336089799774,1018.32338288357,4318.42525718499,98580.7498498943,14946.399809413,0.39347956157111,639.6059533484,3.0989063452023e-07,0.712384512944644,0.414694907629095,0.568156620049243,0.289140388902807,0.229319805563153,19.1553084417234,36.5259946386794,4.97603488274856,32.6638494979581,9.84608431000015,2.99666738230593,0.861540410227476,0.712628241317481,0.958205144199531,0.798273426756783,0.751805016222682,0.551095838676419
20191202_043725_20191203_033150_82465006_713.000000_118302.393557_54.113642_-45.840297_46.879914_8.391515_0.000033,1,8,8,0,66707,6.18746161753051,291.336048248783,791.26540228872,5326.73470670476,88475.5830207176,3159.94822685699,0.398615417205755,1272.14219764434,1.73537911053725e-07,0.816426236696558,0.87972253165333,0.675760980518192,0.714524612898188,0.0422477721973969,27.0008055584469,19.3310419542968,32.0171795245154,19.8201590530461,15.8659842170446,5.232234641511,0.688292027302479,0.716067305774852,0.604050903973498,0.608288586846752,0.705398729879648,0.538206929554177
20191202_043725_20191203_034753_83427388_774.000000_151653.441707_54.337851_-45.152963_47.698098_7.864946_0.000004,1,12,12,0,67510,2.45558064458424,291.336049674393,1037.72186683508,4952.22298666116,165633.314676228,15800.612765923,0.379741056854417,848.014975360337,3.62700452288244e-07,0.933414116565099,0.181961176457074,0.646949511061319,0.685928785017875,0.501030179028497,11.6854754402389,37.0391071369387,32.360479441855,23.8987270378035,33.068429025221,11.4116709740499,0.991283465504342,0.632159269848464,0.731894330569179,0.23851325847862,0.383301354099234,0.58932456200988
20191202_043725_20191203_041750_85224734_723.000000_134004.229268_54.762587_-42.247554_50.791263_6.220732_0.000003,1,81,81,0,68968,3.94092979796746,291.336065859816,966.741011469023,5196.02122046705,112842.435571114,21595.0637453432,0.384753025515735,1196.8681095326,4.36169743251247e-08,0.910627511773492,0.823187011317385,0.566526134300885,0.777779268098359,0.0361177461361426,15.5401493490177,35.1669237906082,28.0284825177918,13.4668361775478,2.6393900089563,27.5160248336921,0.827597336496245,0.631028234575453,0.4605271628396,0.415149276821511,0.606418800349067,0.851359619585282
20191202_043725_20191203_050820_88254597_722.000000_161629.973909_54.724085_-42.314305_50.703372_6.968910_0.000003,1,79,79,0,71503,6.30640858968459,291.336033800074,789.768806128132,6573.05017903566,110099.83706805,17375.8104150835,0.374523319170303,1271.19599465583,5.79782415401188e-07,0.624717165012944,0.97941825333452,0.47703905383747,0.00497659718337869,0.432924715673201,36.8942316956738,12.321391652832,26.6887671654804,19.7191921392388,1.11431742276745,22.959781316001,0.985704643904883,0.587697699165445,0.368065943687579,0.735601704140828,0.436694244026446,0.891696921871979
20191202_043725_20191203_053104_89618507_651.000000_112084.621020_54.341954_-43.904221_48.916572_9.367250_0.000068,1,33,33,0,72627,3.61150183248539,291.336080695935,1068.02617719406,5824.09799495793,75419.6881560046,8117.42343652655,0.334347508599878,662.325702336612,4.95965940451394e-07,0.141966530476367,0.803472136146028,0.591718617433148,0.322166103307368,0.289192421346839,26.2821361242253,18.6946632760092,13.3217803174615,12.5079002943279,32.3490825396875,4.06972367100723,0.725283488991828,0.958713399313216,0.924859934357187,0.592379220407723,0.394830278211095,0.250722428040428
20191202_043725_20191203_054149_90263886_713.000000_97362.508830_54.497465_-43.872334_49.045545_5.586099_0.000346,1,37,37,0,73113,5.18566649030603,291.336023742784,1008.64142887427,5426.26575950524,144794.122027895,26237.0360865079,0.368643806440293,1406.04832350498,6.2983920944355e-07,0.341963984782844,0.351440570861811,0.180316666677165,0.697827805875953,0.291110849613588,14.0714260929957,34.4437193471485,13.8257686463986,19.5100934384996,10.3548698268218,2.4903948777248,0.725507099305011,0.790125787087273,0.625654161892908,0.934374132061965,0.588938935906337,0.203014863330551
20191202_043725_20191203_054831_90665748_713.000000_69708.459826_54.156111_-45.601426_47.140738_5.585802_0.124598,1,10,10,0,73447,3.70219039422862,291.336018899552,875.58324832558,5415.11711462027,110403.546038687,150.889446528551,0.385202201881245,1398.6966751396,9.12380886076452e-07,0.953248168790315,0.938361499082155,0.615817420321399,0.230009071539514,0.419164011214854,35.6546811865752,0.403201327721008,31.611941268647,16.7456534155098,7.27509673417195,22.4614636119667,0.793090944162883,0.645861313723698,0.800783392138242,0.300618611735511,0.422994623294066,0.819578604076
20191202_043725_20191203_060236_91510529_701.000000_73579.746677_54.596928_-43.114287_49.846062_3.411714_0.049161,1,54,54,0,74140,4.57117476833867,291.336028865434,987.215203353603,3901.09496110328,173106.552686976,2439.11168122272,0.397070631568291,560.241945205306,2.33929417429034e-07,0.528249525068831,0.557601784613412,0.201742418375214,0.0730461932447447,0.566086780843451,15.5119280009685,25.0657271830326,21.9975380532128,24.3682973333817,14.1258956346522,18.8378357275101,0.726307649263907,0.477824587924147,0.65243723448709,0.962055577065143,0.318710921708446,0.802692873149065
20191202_043725_20191203_060959_91953139_747.000000_145740.488433_54.829787_-41.894725_51.174970_4.796367_0.000007,1,92,92,0,74508,1.52660109689143,291.336035503238,1023.89681792649,6523.92866781341,130568.660146986,23294.8210747786,0.354118915376322,526.907632996602,7.42370978696725e-07,0.281713112764561,0.953001814107814,0.736553071136053,0.36935204494565,0.0109278883797388,23.6868154397085,28.5008542354585,32.6867053903226,18.2008880108794,5.16889609458262,16.1433835382707,0.736565903569032,0.845250499790632,0.212469809115962,0.554288930979261,0.918457791385555,0.661222611047553
20191202_043725_20191203_063502_93456507_675.000000_78613.043144_54.650766_-42.260642_50.712803_4.638963_0.035876,1,80,80,0,75775,4.54984819406293,291.33601145971,1010.54646764862,5015.45866603027,180733.649811507,387.203806522753,0.394733260496709,625.245027827656,4.82852809085027e-07,0.439215283088407,0.378385342502544,0.332258861634719,0.624594057247789,0.942931166549667,35.0666541315467,17.3899556668669,14.5602322869375,5.80516063011592,22.805364483656,29.963590090816,0.651278313639096,0.818992631936534,0.802502182787825,0.977707775189283,0.426193588505872,0.570783161457022
20191202_043725_20191203_064705_94179193_681.000000_150686.529927_54.694738_-42.078720_50.916625_5.492399_0.000001,1,87,87,0,76397,2.72739963885926,291.336028481928,791.16415773069,6680.91115702495,147156.040376898,19823.5826392253,0.356548575662726,565.851046914646,7.19481435245154e-07,0.455830531097094,0.622310789310176,0.375963913338003,0.528969822597749,0.0597342111439919,27.4987802366449,17.9078117192868,20.8408945357981,1.68319047094521,13.0631146453844,33.7530431100873,0.983783936735366,0.948707295739929,0.226690704326314,0.221254993998724,0.46122165108848,0.809689700243707
20191202_043725_20191203_064911_94305948_794.000000_67680.038752_54.964352_-41.955587_51.194533_3.714699_0.110180,1,93,93,0,76487,3.82126945003014,291.336023444338,868.860713664772,6929.09762073827,103730.356654947,9578.11964375859,0.38764287930117,887.942282960305,5.00371608108998e-07,0.251230372789201,0.24922191273835,0.836314745503613,0.663679562264668,0.260215901441638,23.5110539388617,12.9749720804583,17.0073544946172,30.5409138106688,11.1563478776167,22.7561191191613,0.431678660040641,0.989487498798474,0.663626433488414,0.517487950673392,0.279918739996526,0.628117328204088
20191202_043725_20191203_065039_94394032_642.000000_311046.103922_54.463229_-43.337309_49.546375_3.341806_0.000000,1,46,46,0,76543,7.52203400839882,291.336095422963,1008.38951197611,6663.38960266759,76695.1472022136,28932.3224448555,0.303834541836166,797.196459307561,8.40279407642135e-07,0.818510899208777,0.135513863228501,0.811431684410939,0.10824681304537,0.0897397162498963,17.9243879153999,32.0247847123069,30.9074146870127,24.983374383161,34.6961220279353,9.16335442878565,0.935612629202499,0.768323271673103,0.711199323427238,0.888769588064535,0.336203764463837,0.491220132924209
20191202_043725_20191203_071235_95709454_764.000000_102292.404102_54.485428_-44.249807_48.670946_9.154113_0.000746,1,27,27,0,77626,3.11035801366458,291.336067205359,825.560686398199,5523.69694026279,91535.1060424493,3973.37944730774,0.366062422253066,899.528649432513,8.51855259101929e-07,0.752716631316687,0.94084322036161,0.38474924024987,0.0706972503094936,0.412625832341698,24.3647857758573,33.624334548862,35.6712663308493,24.7372038990993,7.76860397612709,30.5213906834479,0.71333396278,0.464912720818318,0.396927949655727,0.983258040979354,0.549771029226067,0.650850112898782
20191202_043725_20191203_072141_96256031_641.000000_58754.309616_54.476615_-43.213763_49.675466_2.853397_0.194452,1,48,48,0,78077,3.53905579918054,291.336064312845,904.179060597576,6581.72780994682,151144.111221059,9818.2979810896,0.386546001745592,1496.36454385738,6.53049355605566e-07,0.789741704956987,0.487387761913961,0.255688608527331,0.378554009533581,0.513900824053768,16.8306308508446,15.1672809258463,4.00707287183776,11.192972265973,12.0252348836198,20.0700367837435,0.799135114526433,0.696225210153443,0.766354552199018,0.538798245983605,0.715404925185987,0.586348042634838
20191202_043725_20191203_073707_97181431_784.000000_119250.405445_54.710660_-43.111345_49.918789_9.670868_0.000020,1,55,55,0,78831,3.85535452078337,291.336032489955,912.912068412438,6591.24202647837,133196.020607639,91.4802535147557,0.384004449840076,1398.34655269002,5.64776333065126e-07,0.837720041960803,0.188996786089,0.285430998194314,0.944838887193975,0.681760715283258,18.4145667366754,10.1913363618707,39.2186253095651,16.9261376478041,9.28098232757138,0.184903336429986,0.611907166929988,0.546140889487232,0.75913243725029,0.89404864575677,0.62183904640787,0.713385441745686
20191202_043725_20191203_073944_97338269_656.000000_387932.232694_54.309152_-44.331979_48.477719_2.697039_0.000000,1,22,22,0,78949,3.54349522571843,291.336040339701,823.350850472153,5719.21955634209,158530.267948635,29721.4434255709,0.395428599681299,808.398461779886,1.85925943379758e-07,0.5561534004032,0.843200056742203,0.121359908318691,0.136963883783529,0.399883345369461,14.7875939229415,24.0741953811406,29.9627723646688,16.6694270673027,35.5511945826023,16.0773395067663,0.987137309681636,0.992080266849026,0.738843518658313,0.960536583752547,0.759695949189248,0.61990189268502
20191202_043725_20191203_081648_99562299_632.000000_71510.490396_54.505620_-42.763952_50.133771_3.731278_0.032801,1,57,57,0,80781,7.20678878587832,291.336041558076,785.599796732894,3896.21409051662,177287.752709641,2838.34539112611,0.394830382719049,826.185007266029,6.30926375139185e-07,0.465329752404619,0.389136224690607,0.208783372941033,0.100563611171104,0.673293709116203,0.58176267976692,15.4156638134191,33.0169423950207,5.4398108633645,3.6489520103091,11.4689767004792,0.774835699139394,0.948939921876881,0.646523564912193,0.980430545983163,0.624099179336542,0.865465974217358
20191202_043725_20191203_082553_100107384_745.000000_90427.597467_54.869080_-41.777047_51.312594_5.752871_0.001322,1,98,98,0,81239,3.97503889906031,291.336023957746,1146.39989391866,4754.28276468013,80655.8387979432,20748.6337146458,0.360009266190379,713.714675934462,9.9427963077619e-07,0.365028633629096,0.72090695730768,0.0392997202748944,0.627237284957632,0.594230323014409,18.7679260699522,20.7462874251825,3.51919892960209,13.6421742588545,24.5498913931234,11.00288303292,0.832145054070744,0.768771083261108,0.944443331636859,0.778824770968283,0.222623912582641,0.406791735853486
20191202_043725_20191203_083717_100791819_718.000000_54745.729072_54.745140_-42.604689_50.432669_3.239375_0.311404,1,68,68,0,81808,2.06730145588736,291.336018725887,856.286261446937,5722.17717018459,121875.340146668,16119.6438081167,0.38434572864034,504.317893764555,3.83660807244941e-07,0.811527043127242,0.783986577743038,0.973395551983692,0.974259184370844,0.133932380255591,21.5148446657729,5.21139728836,13.6905661101987,9.78439674039474,23.9462789014184,16.5066159433145,0.597060975805907,0.92586037228745,0.667347454516456,0.606400516884909,0.47095067500792,0.837410353107853
20191202_043725_20191203_090932_102726721_715.000000_327895.814504_54.695457_-42.597517_50.409856_4.036800_0.000000,1,66,66,0,83399,5.59456377368211,291.336030643418,1040.7949110651,5286.39007069009,192440.74937053,28785.8127697691,0.270510081236833,1172.58048459968,9.5251643209993e-07,0.663632234227132,0.111875562432335,0.345857792569844,0.36787931126352,0.192872931325625,23.976750710219,24.3523687393474,5.50785582399269,21.0748878645068,38.9170143399361,25.6484645370963,0.813364247105518,0.850260457237965,0.919645789592512,0.774091556969388,0.597935376749102,0.496580943390744
20191202_043725_20191203_091406_103001002_869.000000_60872.760925_54.692774_-44.419470_48.642615_3.812696_0.268512,1,26,26,0,83624,1.82678014369892,291.336085246086,750.166675434785,5540.81931325908,100137.171856205,12768.5328594274,0.378336359408254,911.979475066953,9.34180503811674e-07,0.157239689849438,0.943989286803794,0.341023510693167,0.225533497757801,0.67096491500074,20.4753086904514,28.7883887361357,21.9105280831433,6.06294100798085,25.9206934956416,28.1744272321485,0.965759761781778,0.469784446474347,0.684231662845103,0.827195207722086,0.53341524773467,0.474064505376486
20191202_043725_20191203_093250_104124103_734.000000_236415.057859_54.797006_-42.148054_50.908618_4.538121_0.000000,1,85,85,0,84521,5.56881764258898,291.336078154831,1144.24102681325,5605.07788506134,113438.534326772,27898.4641236829,0.396391750083953,907.530934738764,6.21400371925479e-08,0.292311969401032,0.509150085719669,0.640585084593667,0.597127821183033,0.969139050519864,33.6060821233731,26.6525650032418,39.4728118333194,16.5750942065347,29.7455622983685,28.4820434871769,0.898253171956254,0.722430477078719,0.870029352440961,0.423752469229101,0.731327193187248,0.727743273719468
20191202_043725_20191203_093541_104295617_774.000000_92486.536851_53.670376_-48.833278_43.670209_4.760073_0.002603,1,0,0,0,84641,6.39774052525679,291.336001178194,1132.8104382478,6091.06698328447,103966.286864318,13166.6243531481,0.387422068852613,833.359872335015,4.09447025732197e-07,0.564712242317375,0.92129630396684,0.762031387869411,0.397195294424344,0.852137946776197,39.4456226057958,32.834634540766,2.36742901628119,27.82899786334,5.23612662752705,29.821409824395,0.53518087962577,0.930927604203702,0.866777886611254,0.475874032734666,0.576690611580474,0.693907439458379
20191202_043725_20191203_103113_107628008_793.000000_74397.662451_54.890605_-42.613308_50.512338_3.851269_0.024749,1,73,73,0,87335,4.32330379414427,291.336021526623,771.419732289495,4790.64994853741,139764.781278666,24636.7760616583,0.368797973305502,1026.66135261141,5.72283298112572e-07,0.752407482525039,0.251008955849264,0.480514614369062,0.557868384702905,0.205539970137379,27.0233617050394,30.3920641006865,19.5788226679172,5.52613370857395,0.715652935875535,17.0304508457757,0.601972507110219,0.632832569635783,0.581631956288233,0.959527885007817,0.66475342443802,0.464191857283591
20191202_043725_20191203_105118_108832195_766.000000_173668.564473_54.491903_-44.336392_48.591128_8.544111_0.000001,1,23,23,0,88363,4.32440982705875,291.33602706121,1143.3461512545,4275.22865126105,176908.281784525,26888.5817768284,0.301143742095947,596.534713335809,1.17342008402587e-08,0.0965523515043273,0.437770919280658,0.832654263302948,0.270934063568537,0.41010953243681,31.6465852051968,38.7273589385415,37.2690497074564,9.15017982666643,13.9011609972794,18.6501954040886,0.897835323525201,0.754666866083361,0.936355940257278,0.795861479822255,0.899327696268129,0.291303791267209
20191202_043725_20191203_110811_109845324_866.000000_79544.491545_55.096299_-41.968576_51.260297_5.305333_0.006743,1,97,97,0,89198,2.37828167787284,291.336065043363,835.431254891024,4306.02250052593,186802.633067989,27408.8729082177,0.388976363153344,950.166848841672,2.23118542894714e-07,0.147113171930604,0.94597821390824,0.990000296149126,0.0303152176384334,0.812988561789171,27.515931592274,38.0205696273962,37.445137471058,12.1032220675592,32.0698611785114,25.727774067229,0.371689058038029,0.637753121143618,0.532252268391947,0.597462791321982,0.756225485943404,0.814097159900424
20191202_043725_20191203_112338_110772304_684.000000_499707.827705_54.581560_-42.781146_50.162234_3.252840_0.000000,1,59,59,0,89905,6.68705435642873,291.336092366138,1044.7048614916,3802.79796932701,70470.7461292938,24766.3361868113,0.173558251351062,1396.22154937643,3.32421600676246e-07,0.146785666865035,0.134010609654159,0.836075752931063,0.507644929917805,0.159250183208442,28.7260101688354,22.2342683419001,30.7841865262658,16.2378742934715,37.3796213158939,39.0949531013,0.973628287828216,0.870834994585773,0.915264909809675,0.931835120737979,0.82102491846487,0.814034754524843
20191202_043725_20191203_112842_111076654_665.000000_74635.413315_54.332567_-44.228420_48.593763_2.850865_0.056727,1,24,24,0,90155,4.87245565705694,291.336094199046,937.937972320131,5168.77232757939,166059.482051043,2744.78139655423,0.383785214909294,1153.72356093805,7.75485164112318e-07,0.896015803857377,0.189222434011648,0.521308635362704,0.183181520946656,0.474301058547111,15.0746305714212,18.3588289281144,6.69829079170933,1.3191603591819,17.576685208879,22.836712763554,0.674277441524347,0.949103074297931,0.969264668402654,0.363881787882075,0.589917518300953,0.372785590610544
20191202_043725_20191203_115811_112845756_949.000000_103695.015977_55.115758_-42.286128_50.965627_7.237359_0.000175,1,88,88,0,91609,4.29052318304111,291.336073002737,859.423487841697,4909.40069100262,193522.435683677,27712.6645399634,0.399635608623058,604.376045173913,8.65356687135279e-07,0.742212206836733,0.469416400853584,0.17107923831487,0.0831205411592961,0.124383293635918,26.7479235915458,17.6353468769925,18.9467364136443,20.015492757325,14.7847090326564,6.91132305591948,0.713153200529288,0.236989347742007,0.979490261180267,0.683898170754639,0.343733554020157,0.332795147865293
20191202_043725_20191203_120429_113223389_687.000000_77195.177990_54.603074_-42.802391_50.154362_3.629801_0.042698,1,58,58,0,91908,1.60860336750679,291.336048471857,1045.51032213284,4070.16169910611,92777.0750032639,2077.16794337499,0.369257045340715,1389.70858675639,7.43659183821228e-07,0.257909604514839,0.784732011474775,0.600911738819183,0.786261976303982,0.461720930278091,12.8700952397449,19.2386976973944,13.9377014823066,30.5600106697742,2.82413543140451,24.7287607057425,0.821543759123393,0.623808375381099,0.933437692296042,0.602032283771664,0.597918681000223,0.377331489847996
20191202_043725_20191203_121514_113868359_638.000000_76249.218183_54.577520_-42.423026_50.510721_3.547737_0.023917,1,72,72,0,92471,5.19953986517404,291.336015162196,978.261053303545,3068.25007881761,126809.517119492,3153.32531730855,0.352863645248549,809.995957660737,1.93369582143908e-07,0.0183811585937366,0.758984871383406,0.0462447334596612,0.0392066379188621,0.160516418504306,17.3841487139493,17.3332644802233,35.6086277192088,22.0229872055232,17.0947099385931,14.3164238744576,0.388420553152808,0.814687492307571,0.878574218176899,0.401588001127601,0.609385451852061,0.613986938178438
20191202_043725_20191203_122400_114394110_762.000000_70819.746724_54.794607_-42.524474_50.540496_3.361590_0.090726,1,76,76,0,92905,5.54797039341003,291.336011073047,1149.97741518491,6139.51180334938,130319.632465923,8190.28350729883,0.39631022339015,1170.17680142794,2.78592713800543e-07,0.0282950289912337,0.328110867050437,0.370402089530413,0.355600699281319,0.74453288341525,13.8522745374174,20.5344001216788,35.4838035056585,26.7503465100309,21.2452154500004,31.9016267562083,0.901622686887753,0.677714850964641,0.403397017114269,0.427679322052857,0.881253444278501,0.342145799780925
20191202_043725_20191203_122617_114531805_761.000000_209049.898179_54.745672_-42.577421_50.459551_6.440002_0.000001,1,71,71,0,93018,4.66570400911081,291.336085234543,1126.69333736,5827.32510273303,107778.17541092,28112.827833868,0.311620551869555,721.495390286861,3.60863576260734e-07,0.439975916681165,0.676345049215829,0.600537939724674,0.324414128107616,0.8864211334011,11.7345908660604,28.5639689795576,27.6657316709266,24.6798239663213,32.6204888991153,25.5321231266779,0.93633059005838,0.950734186741419,0.495926436097628,0.205087494532586,0.465301875525031,0.835072542813257
20191202_043725_20191203_130631_116945854_718.000000_114107.850953_54.555392_-43.475043_49.468755_5.872399_0.000102,1,41,41,0,94934,4.0607158182062,291.33602549443,1100.54797267887,5417.64613447259,175200.864204816,7250.71260733049,0.363697013184623,565.753994949196,6.83013431024801e-07,0.73416764735603,0.0935761664021393,0.789861378626242,0.346028449605966,0.350754864422138,26.8914416025499,26.1970489391831,7.43853180225756,29.6464270962469,20.6896798190404,11.0028478861608,0.531507424130424,0.956387304233578,0.57812665378203,0.435892771622102,0.677989992595948,0.53486453666025
20191202_043725_20191203_130911_117105820_775.000000_67054.953032_53.835818_-47.785473_44.801488_3.286030_0.157540,1,2,2,0,95051,3.44928373868341,291.336049552496,974.788069641573,5600.58635592103,139237.161403529,1414.8272824595,0.395604292654964,1134.33826637677,8.39732198989674e-07,0.507173817959978,0.981405190358529,0.112814624143743,0.0190950382230946,0.961243641966512,38.9335097014764,9.42018749385082,30.920557939509,23.4439354259471,0.130562873347182,38.1225801187501,0.72659559324644,0.662657660836888,0.747728147957864,0.968518121858497,0.384287445208961,0.757699191378773
20191202_043725_20191203_131904_117698397_628.000000_302207.934631_54.681454_-41.763282_51.218347_3.465485_0.000000,1,95,95,0,95500,5.98688879399279,291.336035075596,858.971111312557,5008.58703362577,149391.653099517,29374.1124607645,0.392162379292481,666.124457282066,3.53594169317935e-07,0.0633843473825017,0.734158437427314,0.238284572345513,0.945942688359792,0.192631019796548,9.0735422972941,21.8093268798031,33.4166802222231,5.70585924953867,37.3308065885674,34.6838377561241,0.996247684663796,0.97017571088522,0.943165889276554,0.697527354487414,0.640330494446231,0.880855605357578
20191202_043725_20191203_132604_118118604_639.000000_375109.049788_54.366575_-43.803982_49.030031_3.203283_0.000000,1,36,36,0,95779,6.6145307472151,291.336093852868,800.158682438457,6621.55980313747,150824.106519031,27501.816159799,0.379322372361119,1206.25346442546,2.12303644930484e-07,0.105197725768452,0.36602584630719,0.816702524890389,0.0112536090536099,0.0288145811563719,16.0915834356311,32.256594896328,19.5725646733481,27.7313330658022,27.335827019318,21.9466345823496,0.919478878730024,0.95802615752545,0.998908297739275,0.810135589784836,0.667601263455296,0.737055520877109
20191202_043725_20191203_141929_121323216_755.000000_288375.574132_54.740297_-42.579558_50.454242_10.067281_0.000000,1,70,70,0,98020,5.84479617449826,291.336093528077,1067.3074937253,5582.06883776145,168087.065842681,26013.7624630271,0.374917206628515,1282.94520452318,2.14008465006617e-07,0.98953471150531,0.414213034343446,0.759975224902315,0.66477442851296,0.265595368403009,33.2895631292269,20.760562638147,27.115186541846,10.8176433256667,2.19759104951658,29.0193928024919,0.912695761180073,0.741351871822356,0.451400578582955,0.617124142014729,0.648985377359857,0.78495526099469
20191202_043725_20191203_144855_123089869_826.000000_56754.201986_54.919525_-42.703927_50.442295_3.274994_0.142294,1,69,69,0,99244,1.62798230974596,291.336052981766,1114.2089769348,6040.78975399235,99417.437090685,22105.5510277662,0.397723617096746,1242.07753182693,5.83764476909437e-07,0.0479221515983509,0.00571395447408345,0.363883012369724,0.330701241718186,0.972347061756898,21.6645858074671,19.1951402805073,21.6390132893205,14.6281383946109,3.94993485022743,9.67680219581417,0.67067941898953,0.322540914120359,0.76175834343249,0.697641748516548,0.545478792675694,0.898283003651857
20191202_043725_20191203_150012_123766907_652.000000_72358.952284_54.455176_-43.394465_49.485514_4.371160_0.022350,1,42,42,0,99704,5.86647179865414,291.336035757307,839.328736633738,3097.50615754813,106686.844928742,13714.8414333117,0.365789230108748,1329.64836707948,6.046560281826e-07,0.0971991795191958,0.213131456473113,0.262331918914308,0.596733975302531,0.617357358212736,34.2288489127842,20.6448157298403,32.8348592446508,34.3150640506281,39.8699353570416,3.16405040847626,0.814627561769238,0.641344378986319,0.871953519170936,0.784172017950852,0.952347358647803,0.749115536006096
20191202_043725_20191203_150127_123841451_691.000000_81862.697669_53.819247_-47.294041_45.263836_3.760109_0.010713,1,4,4,0,99759,5.13807686062803,291.336043971797,1086.35490844386,5631.28912112898,115619.077722189,12354.1749821313,0.377099468762479,930.914920203847,2.41578986325071e-07,0.401559570030624,0.073042481195026,0.679639671327164,0.28147221687611,0.764421905194957,21.3193636051,32.4010272764882,29.6561977732975,8.64767520601752,21.7475683615429,10.5041155768603,0.960431404766031,0.747116613773963,0.631986714426775,0.663460157938017,0.837278864492675,0.543487443246238
