0.0
1.0
0.0
1.0
0.0
1.0
0.0
1.0
0.0
1.0
0.0
1.0
0.0
1.0
0.0
1.0
0.0
1.0
0.0
45.0
0.0
45.0
0.0
45.0
0.0
45.0
0.0
45.0
0.0
45.0
0.0
45.0
0.0
45.0
0.0
45.0
0.0
45.0
0.0
85.0
0.0
85.0
0.0
85.0
0.0
85.0
0.0
85.0
0.0
85.0
0.0
85.0
0.0
85.0
0.0
85.0
0.0
85.0
-4.0
4.0
-4.0
4.0
-4.0
4.0
-4.0
4.0
-4.0
4.0
-4.0
4.0
-4.0
4.0
-4.0
4.0
-4.0
4.0
-4.0
4.0
0.0
0.00000001
0.0
0.00000001
0.0
0.00000001
0.0
0.00000001
0.0
0.00000001
0.0
0.00000001
0.0
0.00000001
0.0
0.00000001
0.0
0.00000001
0.0
0.00000001
0.2
1.0
0.2
1.0
0.2
1.0
0.2
1.0
0.2
1.0
0.2
1.0
0.2
1.0
0.2
1.0
0.2
1.0
0.2
1.0
500
1500.0
0.0
0.000001