# HORUS dC_D Bodyflap
#
#

3
0	0.087266463	0.174532925	0.261799388	0.34906585	0.436332313	0.523598776	0.610865238	0.698131701	0.785398163
1.2	1.5	2	3	5	10	20
-0.349065850398866	-0.174532925199433	0	0.174532925199433	0.349065850398866	0.523598775598299

    0.0400    0.0210    0.0110    0.0060    0.0020         0         0
    0.0300    0.0160    0.0090    0.0040    0.0010         0         0
    0.0180    0.0100    0.0060    0.0030    0.0010         0         0
    0.0080    0.0040    0.0020    0.0010         0   -0.0010   -0.0010
         0   -0.0010   -0.0020   -0.0020   -0.0020   -0.0030   -0.0020
   -0.0050   -0.0060   -0.0060   -0.0060   -0.0060   -0.0060   -0.0040
   -0.0110   -0.0110   -0.0110   -0.0110   -0.0110   -0.0110   -0.0090
   -0.0180   -0.0180   -0.0180   -0.0180   -0.0180   -0.0180   -0.0160
   -0.0260   -0.0250   -0.0250   -0.0250   -0.0250   -0.0250   -0.0230
   -0.0330   -0.0330   -0.0330   -0.0330   -0.0330   -0.0330   -0.0310

    0.0160    0.0090    0.0050    0.0030    0.0010         0         0
    0.0100    0.0060    0.0030    0.0020         0         0         0
    0.0040    0.0020    0.0010         0         0         0         0
         0   -0.0010         0   -0.0010   -0.0010   -0.0010   -0.0010
   -0.0030   -0.0030   -0.0020   -0.0020   -0.0020   -0.0030   -0.0020
   -0.0050   -0.0050   -0.0050   -0.0050   -0.0050   -0.0050   -0.0040
   -0.0090   -0.0090   -0.0090   -0.0090   -0.0090   -0.0090   -0.0070
   -0.0130   -0.0130   -0.0130   -0.0130   -0.0130   -0.0130   -0.0110
   -0.0170   -0.0170   -0.0170   -0.0170   -0.0170   -0.0170   -0.0160
   -0.0210   -0.0210   -0.0210   -0.0210   -0.0210   -0.0210   -0.0200

     0     0     0     0     0     0     0
     0     0     0     0     0     0     0
     0     0     0     0     0     0     0
     0     0     0     0     0     0     0
     0     0     0     0     0     0     0
     0     0     0     0     0     0     0
     0     0     0     0     0     0     0
     0     0     0     0     0     0     0
     0     0     0     0     0     0     0
     0     0     0     0     0     0     0

   -0.0050   -0.0030   -0.0020   -0.0010         0         0         0
         0         0         0         0         0         0         0
    0.0160    0.0020    0.0020    0.0020    0.0020    0.0020    0.0020
    0.0050    0.0050    0.0050    0.0050    0.0050    0.0050    0.0040
    0.0090    0.0090    0.0090    0.0090    0.0090    0.0090    0.0080
    0.0130    0.0130    0.0130    0.0130    0.0130    0.0130    0.0120
    0.0180    0.0180    0.0170    0.0170    0.0170    0.0170    0.0160
    0.0220    0.0220    0.0220    0.0220    0.0220    0.0220    0.0210
    0.0260    0.0260    0.0260    0.0260    0.0260    0.0260    0.0250
    0.0290    0.0290    0.0300    0.0300    0.0300    0.0300    0.0290

   -0.0030         0         0    0.0010    0.0020    0.0020    0.0020
    0.0040    0.0050    0.0050    0.0050    0.0050    0.0050    0.0040
    0.0020    0.0110    0.0110    0.0110    0.0110    0.0110    0.0090
    0.0180    0.0180    0.0180    0.0180    0.0180    0.0180    0.0150
    0.0270    0.0270    0.0270    0.0270    0.0270    0.0270    0.0240
    0.0370    0.0360    0.0360    0.0360    0.0360    0.0360    0.0330
    0.0460    0.0450    0.0450    0.0450    0.0450    0.0450    0.0430
    0.0530    0.0530    0.0530    0.0530    0.0530    0.0530    0.0510
    0.0600    0.0600    0.0600    0.0600    0.0600    0.0600    0.0590
    0.0650    0.0650    0.0650    0.0650    0.0650    0.0650    0.0650

    0.0050    0.0080    0.0080    0.0090    0.0100    0.0100    0.0080
    0.0170    0.0170    0.0170    0.0170    0.0170    0.0170    0.0150
    0.0280    0.0280    0.0280    0.0280    0.0280    0.0280    0.0240
    0.0400    0.0400    0.0400    0.0400    0.0400    0.0400    0.0360
    0.0530    0.0530    0.0530    0.0530    0.0530    0.0530    0.0490
    0.0670    0.0660    0.0660    0.0660    0.0660    0.0660    0.0620
    0.0780    0.0780    0.0780    0.0780    0.0780    0.0780    0.0760
    0.0890    0.0890    0.0890    0.0890    0.0890    0.0890    0.0860
    0.0960    0.0960    0.0960    0.0960    0.0960    0.0960    0.0950
    0.1000    0.1000    0.1000    0.1000    0.1000    0.1000    0.1000