# HORUS dC_m Bodyflap
#
#

3
0	0.087266463	0.174532925	0.261799388	0.34906585	0.436332313	0.523598776	0.610865238	0.698131701	0.785398163
1.2	1.5	2	3	5	10	20
-0.349065850398866	-0.174532925199433	0	0.174532925199433	0.349065850398866	0.523598775598299

    0.0191    0.0094    0.0048    0.0017    0.0003         0         0
    0.0179    0.0109    0.0058    0.0025    0.0007         0         0
    0.0167    0.0111    0.0065    0.0034    0.0013    0.0003         0
    0.0154    0.0092    0.0060    0.0039    0.0027    0.0017    0.0007
    0.0109    0.0077    0.0061    0.0049    0.0041    0.0037    0.0020
    0.0073    0.0068    0.0066    0.0065    0.0065    0.0061    0.0044
    0.0087    0.0087    0.0089    0.0089    0.0089    0.0089    0.0075
    0.0113    0.0113    0.0113    0.0113    0.0113    0.0113    0.0099
    0.0133    0.0133    0.0133    0.0133    0.0133    0.0133    0.0123
    0.0152    0.0150    0.0150    0.0160    0.0150    0.0150    0.0143

    0.0109    0.0056    0.0029    0.0012    0.0003         0         0
    0.0118    0.0065    0.0034    0.0017    0.0007         0         0
    0.0102    0.0058    0.0036    0.0020    0.0010    0.0003         0
    0.0049    0.0036    0.0025    0.0022    0.0017    0.0013    0.0007
    0.0031    0.0031    0.0031    0.0029    0.0031    0.0031    0.0020
    0.0044    0.0044    0.0044    0.0044    0.0044    0.0044    0.0034
    0.0058    0.0058    0.0058    0.0058    0.0058    0.0058    0.0051
    0.0068    0.0068    0.0068    0.0068    0.0068    0.0068    0.0061
    0.0078    0.0078    0.0078    0.0078    0.0078    0.0078    0.0075
    0.0087    0.0085    0.0087    0.0089    0.0085    0.0089    0.0085

     0     0     0     0     0     0     0
     0     0     0     0     0     0     0
     0     0     0     0     0     0     0
     0     0     0     0     0     0     0
     0     0     0     0     0     0     0
     0     0     0     0     0     0     0
     0     0     0     0     0     0     0
     0     0     0     0     0     0     0
     0     0     0     0     0     0     0
     0     0     0     0     0     0     0

   -0.0120   -0.0070   -0.0046   -0.0028   -0.0017   -0.0014         0
   -0.0065   -0.0046   -0.0038   -0.0029   -0.0024   -0.0024   -0.0014
   -0.0041   -0.0038   -0.0038   -0.0038   -0.0038   -0.0038   -0.0028
   -0.0053   -0.0051   -0.0055   -0.0053   -0.0055   -0.0055   -0.0045
   -0.0069   -0.0069   -0.0069   -0.0069   -0.0069   -0.0069   -0.0062
   -0.0082   -0.0082   -0.0082   -0.0082   -0.0082   -0.0082   -0.0075
   -0.0094   -0.0094   -0.0094   -0.0094   -0.0092   -0.0096   -0.0086
   -0.0103   -0.0103   -0.0103   -0.0103   -0.0103   -0.0103   -0.0099
   -0.0108   -0.0108   -0.0108   -0.0110   -0.0110   -0.0110   -0.0106
   -0.0110   -0.0111   -0.0111   -0.0113   -0.0110   -0.0110   -0.0113

   -0.0157   -0.0106   -0.0084   -0.0065   -0.0051   -0.0048   -0.0031
   -0.0116   -0.0098   -0.0089   -0.0082   -0.0075   -0.0075   -0.0055
   -0.0108   -0.0106   -0.0106   -0.0104   -0.0106   -0.0106   -0.0089
   -0.0133   -0.0135   -0.0135   -0.0135   -0.0133   -0.0137   -0.0120
   -0.0163   -0.0164   -0.0164   -0.0164   -0.0164   -0.0164   -0.0151
   -0.0185   -0.0186   -0.0185   -0.0186   -0.0185   -0.0185   -0.0174
   -0.0202   -0.0205   -0.0204   -0.0205   -0.0205   -0.0205   -0.0195
   -0.0215   -0.0217   -0.0215   -0.0215   -0.0215   -0.0219   -0.0212
   -0.0224   -0.0224   -0.0224   -0.0226   -0.0222   -0.0226   -0.0222
   -0.0217   -0.0226   -0.0224   -0.0226   -0.0222   -0.0226   -0.0229

   -0.0217   -0.0169   -0.0147   -0.0128   -0.0116   -0.0113   -0.0086
   -0.0195   -0.0174   -0.0166   -0.0159   -0.0151   -0.0154   -0.0127
   -0.0195   -0.0195   -0.0195   -0.0195   -0.0192   -0.0195   -0.0168
   -0.0234   -0.0234   -0.0236   -0.0233   -0.0236   -0.0236   -0.0215
   -0.0267   -0.0270   -0.0267   -0.0268   -0.0267   -0.0270   -0.0253
   -0.0292   -0.0294   -0.0294   -0.0296   -0.0294   -0.0294   -0.0284
   -0.0315   -0.0316   -0.0315   -0.0318   -0.0315   -0.0318   -0.0308
   -0.0325   -0.0328   -0.0325   -0.0328   -0.0325   -0.0328   -0.0325
   -0.0330   -0.0332   -0.0330   -0.0332   -0.0332   -0.0332   -0.0335
   -0.0321   -0.0325   -0.0323   -0.0325   -0.0321   -0.0325   -0.0332
