# HORUS C_D
#
#

2									
0	0.087266463	0.174532925	0.261799388	0.34906585	0.436332313	0.523598776	0.610865238	0.698131701	0.785398163
1.2	1.5	2	3	5	10	20
									
0.1	0.09	0.08	0.07	0.07	0.07	0.05			
0.12	0.1	0.09	0.08	0.07	0.07	0.05			
0.2	0.14	0.12	0.1	0.09	0.08	0.06			
0.33	0.23	0.18	0.15	0.14	0.12	0.09			
0.52	0.36	0.29	0.23	0.2	0.18	0.14			
0.77	0.54	0.42	0.35	0.31	0.29	0.24			
1.08	0.77	0.6	0.51	0.45	0.42	0.36			
1.08	1.03	0.82	0.69	0.63	0.6	0.52			
1.08	1.32	1.07	0.9	0.82	0.79	0.7			
1.08	1.32	1.33	1.21	1.05	1.02	0.92			