# HORUS dC_D Elevon
#
#

3
0	0.087266463	0.174532925	0.261799388	0.34906585	0.436332313	0.523598776	0.610865238	0.698131701	0.785398163
1.2	1.5	2	3	5	10	20
-0.698131701	-0.523598776	-0.34906585	-0.174532925	0	0.174532925	0.34906585	0.523598776	0.698131701

0.043	0.024	0.015	0.01	0.008	0.007	0.005
0.027	0.015	0.009	0.006	0.004	0.004	0.003
0.01	0.005	0.003	0.002	0.002	0.001	0.001
-0.006	-0.004	-0.002	-0.001	-0.001	-0.001	-0.001
-0.023	-0.013	-0.008	-0.004	-0.004	-0.003	-0.002
-0.039	-0.022	-0.014	-0.009	-0.007	-0.006	-0.005
-0.039	-0.03	-0.02	-0.013	-0.011	-0.009	-0.008
-0.039	-0.039	-0.026	-0.018	-0.015	-0.014	-0.013
-0.039	-0.039	-0.032	-0.024	-0.021	-0.02	-0.018
-0.039	-0.039	-0.039	-0.031	-0.028	-0.027	-0.025
						
0.022	0.011	0.007	0.004	0.002	0.001	0.001
0.009	0.004	0.002	0.001	0.001	0	0
-0.005	-0.003	-0.002	-0.001	0	0	0
-0.019	-0.011	-0.006	-0.003	-0.002	-0.002	-0.001
-0.031	-0.017	-0.011	-0.006	-0.004	-0.003	-0.002
-0.031	-0.024	-0.015	-0.009	-0.007	-0.006	-0.005
-0.031	-0.03	-0.019	-0.013	-0.011	-0.009	-0.008
-0.031	-0.035	-0.024	-0.018	-0.015	-0.014	-0.013
-0.031	-0.035	-0.029	-0.024	-0.021	-0.02	-0.018
-0.031	-0.035	-0.034	-0.028	-0.026	-0.026	-0.024
											
0.007	0.003	0.002	0.001	0	0	0
-0.004	-0.002	-0.001	-0.001	0	0	0
-0.014	-0.007	-0.004	-0.002	-0.001	0	0
-0.022	-0.012	-0.007	-0.004	-0.002	-0.002	-0.001
-0.029	-0.016	-0.01	-0.006	-0.004	-0.003	-0.002
-0.035	-0.02	-0.013	-0.009	-0.007	-0.006	-0.005
-0.035	-0.023	-0.016	-0.011	-0.01	-0.009	-0.008
-0.035	-0.027	-0.019	-0.015	-0.013	-0.013	-0.012
-0.035	-0.031	-0.023	-0.019	-0.017	-0.017	-0.016
-0.035	-0.034	-0.026	-0.023	-0.021	-0.022	-0.02
						
-0.002	-0.002	0	0	0	0	0
-0.008	-0.004	-0.002	-0.001	0	0	0
-0.012	-0.006	-0.004	-0.002	-0.001	0	0
-0.014	-0.008	-0.005	-0.003	-0.002	-0.002	-0.001
-0.017	-0.01	-0.006	-0.004	-0.003	-0.003	-0.002
-0.02	-0.012	-0.008	-0.006	-0.005	-0.004	-0.004
-0.023	-0.014	-0.01	-0.007	-0.007	-0.006	-0.006
-0.025	-0.015	-0.012	-0.009	-0.009	-0.008	-0.008
-0.026	-0.017	-0.013	-0.012	-0.011	-0.011	-0.01
-0.028	-0.018	-0.014	-0.013	-0.013	-0.013	-0.012						
						
0	0	0	0	0	0	0
0	0	0	0	0	0	0
0	0	0	0	0	0	0
0	0	0	0	0	0	0
0	0	0	0	0	0	0
0	0	0	0	0	0	0
0	0	0	0	0	0	0
0	0	0	0	0	0	0
0	0	0	0	0	0	0
0	0	0	0	0	0	0						
						
0.012	0.006	0.003	0.001	0	0	0
0.014	0.008	0.004	0.002	0.001	0.001	0
0.017	0.009	0.006	0.003	0.003	0.002	0.002
0.02	0.011	0.007	0.005	0.004	0.004	0.003
0.024	0.013	0.009	0.007	0.006	0.006	0.005
0.024	0.015	0.011	0.009	0.008	0.008	0.008
0.026	0.016	0.013	0.011	0.01	0.011	0.01
0.027	0.018	0.014	0.012	0.012	0.012	0.011
0.028	0.019	0.015	0.014	0.013	0.015	0.013
0.027	0.019	0.016	0.014	0.014	0.019	0.014
												
0.029	0.016	0.01	0.005	0.004	0.003	0.002
0.035	0.019	0.012	0.008	0.006	0.005	0.004
0.039	0.023	0.015	0.011	0.009	0.009	0.007
0.044	0.026	0.019	0.014	0.013	0.013	0.011
0.048	0.03	0.022	0.018	0.016	0.016	0.015
0.052	0.033	0.026	0.022	0.02	0.021	0.019
0.054	0.035	0.028	0.025	0.024	0.025	0.023
0.054	0.037	0.03	0.027	0.026	0.03	0.025
0.053	0.037	0.031	0.028	0.028	0.037	0.027
0.05	0.036	0.031	0.029	0.028	0.044	0.028
												
0.051	0.029	0.019	0.012	0.01	0.009	0.007
0.059	0.034	0.023	0.017	0.014	0.014	0.011
0.065	0.04	0.028	0.022	0.02	0.019	0.017
0.072	0.044	0.033	0.027	0.025	0.025	0.022
0.076	0.049	0.037	0.033	0.03	0.031	0.028
0.079	0.052	0.041	0.037	0.034	0.038	0.033
0.08	0.054	0.043	0.04	0.038	0.047	0.037
0.078	0.054	0.045	0.041	0.04	0.056	0.04
0.073	0.052	0.044	0.042	0.041	0.064	0.041
0.065	0.048	0.042	0.04	0.039	0.065	0.04
												
0.078	0.046	0.032	0.024	0.02	0.02	0.017
0.086	0.052	0.038	0.03	0.026	0.026	0.023
0.093	0.059	0.043	0.036	0.033	0.034	0.03
0.099	0.064	0.049	0.042	0.039	0.043	0.036
0.099	0.067	0.053	0.047	0.045	0.053	0.042
0.099	0.069	0.056	0.051	0.049	0.064	0.047
0.100	0.069	0.057	0.053	0.051	0.075	0.051
0.092	0.066	0.057	0.053	0.052	0.078	0.052
0.082	0.061	0.053	0.051	0.05	0.072	0.05
0.067	0.053	0.048	0.047	0.046	0.06	0.047
