0.0
1.0
0.0
1.0
0.0
1.0
0.0
1.0
0.0
1.0
0.0
1.0
0.0
1.0
0.0
1.0
0.0
1.0
0.0
20.0
0.0
20.0
0.0
20.0
0.0
20.0
0.0
20.0
0.0
20.0
0.0
20.0
0.0
20.0
0.0
20.0
0.0
20.0
0.0
0.00000001
0.0
0.00000001
0.0
0.00000001
0.0
0.00000001
0.0
0.00000001
0.0
0.00000001
0.0
0.00000001
0.0
0.00000001
0.0
0.00000001
0.0
0.00000001
-4.0
4.0
-4.0
4.0
-4.0
4.0
-4.0
4.0
-4.0
4.0
-4.0
4.0
-4.0
4.0
-4.0
4.0
-4.0
4.0
-4.0
4.0
0.0
0.00000001
0.0
0.00000001
0.0
0.00000001
0.0
0.00000001
0.0
0.00000001
0.0
0.00000001
0.0
0.00000001
0.0
0.00000001
0.0
0.00000001
0.0
0.00000001
0.2
1.0
0.2
1.0
0.2
1.0
0.2
1.0
0.2
1.0
0.2
1.0
0.2
1.0
0.2
1.0
0.2
1.0
0.2
1.0
291.336
291.3361
750.0
1150.0
3000.0
7000.0
70000.0
200000.0
0.0
100000.0
0.1
0.4
3.0
8.0