0.0
1.0
0.0
1.0
0.0
1.0
0.0
1.0
0.0
1.0
0.0
1.0
0.0
1.0
0.0
1.0
0.0
1.0
0.0
45.0
0.0
45.0
0.0
45.0
0.0
45.0
0.0
45.0
0.0
45.0
0.0
45.0
0.0
45.0
0.0
45.0
0.0
45.0
0.0
85.0
0.0
85.0
0.0
85.0
0.0
85.0
0.0
85.0
0.0
85.0
0.0
85.0
0.0
85.0
0.0
85.0
0.0
85.0
0.0
0.00000001
0.0
0.00000001
0.0
0.00000001
0.0
0.00000001
0.0
0.00000001
0.0
0.00000001
0.0
0.00000001
0.0
0.00000001
0.0
0.00000001
0.0
0.00000001
0.0
0.00000001
0.0
0.00000001
0.0
0.00000001
0.0
0.00000001
0.0
0.00000001
0.0
0.00000001
0.0
0.00000001
0.0
0.00000001
0.0
0.00000001
0.0
0.00000001
0.0
0.00000001
0.0
0.00000001
0.0
0.00000001
0.0
0.00000001
0.0
0.00000001
0.0
0.00000001
0.0
0.00000001
0.0
0.00000001
0.0
0.00000001
0.0
0.00000001
500
1500.0
0.0
0.000001
1.0
3.0