0.0
1.0
0.0
1.0
0.0
1.0
0.0
1.0
0.0
1.0
0.0
1.0
0.0
1.0
0.0
1.0
0.0
1.0
10.0
20.0
10.0
20.0
10.0
20.0
10.0
20.0
10.0
20.0
10.0
20.0
10.0
20.0
10.0
20.0
10.0
20.0
10.0
20.0
0.0
0.00000001
0.0
0.00000001
0.0
0.00000001
0.0
0.00000001
0.0
0.00000001
0.0
0.00000001
0.0
0.00000001
0.0
0.00000001
0.0
0.00000001
0.0
0.00000001
0.0
0.00000001
0.0
0.00000001
0.0
0.00000001
0.0
0.00000001
0.0
0.00000001
0.0
0.00000001
0.0
0.00000001
0.0
0.00000001
0.0
0.00000001
0.0
0.00000001
0.0
0.00000001
0.0
0.00000001
0.0
0.00000001
0.0
0.00000001
0.0
0.00000001
0.0
0.00000001
0.0
0.00000001
0.0
0.00000001
0.0
0.00000001
0.0
0.00000001
0.0
0.00000001
0.0
0.00000001
0.0
0.00000001
0.0
0.00000001
0.0
0.00000001
0.0
0.00000001
0.0
0.00000001
0.0
0.00000001
0.0
0.00000001
0.0
0.00000001
1.5
8.0
291.336
291.3361
750.0
1150.0
3000.0
7000.0
70000.0
200000.0
0.0
0.000000001
0.1
0.4